#Frame     end-to-end
       1      14.9937
       2      15.2727
       3      15.4265
       4      15.0422
       5      15.6073
       6      14.3605
       7      13.9437
       8      14.7899
       9      14.0799
      10      14.1506
      11      14.4090
      12      15.7472
      13      16.2826
      14      15.9474
      15      16.4374
      16      16.3723
      17      14.7980
      18      16.4691
      19      17.0768
      20      18.0047
      21      18.4378
      22      18.2594
      23      18.7362
      24      18.0708
      25      18.3038
      26      18.4244
      27      19.0530
      28      18.3643
      29      17.0036
      30      16.9039
      31      15.5224
      32      15.5955
      33      16.1188
      34      16.4173
      35      15.5862
      36      15.0421
      37      15.0203
      38      14.6504
      39      15.0933
      40      14.5713
      41      13.7610
      42      13.8265
      43      14.0091
      44      13.5510
      45      14.0025
      46      13.6300
      47      13.4944
      48      13.1626
      49      13.8466
      50      13.0817
      51      13.3238
      52      13.5695
      53      13.8209
      54      13.4293
      55      13.5271
      56      13.0953
      57      13.4818
      58      13.7723
      59      13.4017
      60      13.2880
      61      13.5967
      62      13.5132
      63      14.1917
      64      13.4523
      65      14.7413
      66      14.3042
      67      13.3717
      68      13.6101
      69      12.4568
      70      12.1576
      71      14.8954
      72      16.8931
      73      16.7665
      74      16.6067
      75      16.7175
      76      18.1158
      77      17.9237
      78      18.0365
      79      18.3049
      80      20.0081
      81      19.5510
      82      20.0462
      83      20.4998
      84      19.2354
      85      19.4654
      86      19.4054
      87      18.5790
      88      17.3650
      89      17.0280
      90      18.6836
      91      19.0124
      92      18.7363
      93      18.9602
      94      18.1703
      95      16.8946
      96      17.7381
      97      18.3677
      98      16.4809
      99      16.9476
     100      16.7337
     101      16.7666
     102      16.2275
     103      19.0946
     104      18.7368
     105      19.4596
     106      20.9119
     107      20.1570
     108      20.4929
     109      20.8148
     110      21.7100
     111      21.8087
     112      21.6950
     113      21.1168
     114      21.1273
     115      21.5041
     116      21.7110
     117      22.1264
     118      22.0581
     119      22.0751
     120      23.1617
     121      23.0987
     122      23.5616
     123      23.9310
     124      23.8312
     125      23.7237
     126      24.1686
     127      23.0480
     128      23.7978
     129      23.2097
     130      22.8288
     131      23.3174
     132      23.1877
     133      23.4887
     134      24.6388
     135      24.9519
     136      25.6078
     137      25.4668
     138      25.2912
     139      25.6097
     140      25.1093
     141      25.2565
     142      24.9263
     143      25.2991
     144      26.9868
     145      26.8467
     146      27.5749
     147      27.5753
     148      27.9873
     149      27.0399
     150      27.1397
     151      26.6669
     152      28.0654
     153      28.2256
     154      28.5816
     155      27.5448
     156      26.7825
     157      26.2334
     158      27.3875
     159      28.1068
     160      27.3900
     161      27.0958
     162      26.2352
     163      26.6311
     164      26.5110
     165      25.8483
     166      26.1139
     167      25.1654
     168      25.7865
     169      25.1859
     170      24.9061
     171      25.9106
     172      25.2114
     173      25.0494
     174      24.7631
     175      23.0859
     176      22.2240
     177      22.1386
     178      21.1083
     179      21.8546
     180      20.5635
     181      20.9877
     182      19.9190
     183      20.3855
     184      20.0646
     185      19.6480
     186      19.7476
     187      20.7342
     188      19.5149
     189      19.7411
     190      19.8311
     191      18.7332
     192      19.6511
     193      20.8394
     194      20.8332
     195      21.2526
     196      22.0916
     197      22.5031
     198      23.5056
     199      23.7883
     200      23.0282
     201      22.3412
     202      22.6307
     203      21.7686
     204      21.4447
     205      20.5888
     206      20.1706
     207      17.7394
     208      17.7325
     209      17.3676
     210      17.1558
     211      17.0409
     212      17.2552
     213      16.7683
     214      16.4452
     215      15.9878
     216      16.3035
     217      15.5716
     218      15.0705
     219      15.6013
     220      14.7830
     221      14.8821
     222      14.7909
     223      14.1502
     224      16.5550
     225      15.1485
     226      16.9389
     227      16.2786
     228      16.5930
     229      15.6625
     230      14.9577
     231      14.8148
     232      15.1564
     233      15.0741
     234      15.7772
     235      17.6891
     236      19.0801
     237      19.0165
     238      19.1492
     239      18.3872
     240      18.0428
     241      17.1518
     242      15.5720
     243      15.1344
     244      15.1834
     245      14.5719
     246      15.1481
     247      15.7784
     248      18.6334
     249      17.9667
     250      19.7542
     251      19.7652
     252      19.7133
     253      19.8964
     254      19.8830
     255      18.2386
     256      17.6817
     257      17.9522
     258      16.5078
     259      17.9479
     260      17.7485
     261      20.0431
     262      20.5611
     263      20.3617
     264      19.0731
     265      18.2202
     266      17.8094
     267      17.6218
     268      18.0102
     269      18.5348
     270      17.0942
     271      16.1844
     272      15.7516
     273      15.1829
     274      14.3958
     275      14.6316
     276      14.7899
     277      14.6357
     278      16.3949
     279      15.8130
     280      15.9412
     281      16.2969
     282      16.0390
     283      15.1887
     284      14.6706
     285      15.4350
     286      15.0082
     287      12.7359
     288      13.1305
     289      12.3264
     290      11.8143
     291      11.9839
     292      13.6099
     293      13.0826
     294      13.0828
     295      11.4931
     296      12.3812
     297      12.2301
     298      11.7701
     299      11.5323
     300      10.5474
     301      10.4301
     302      11.4801
     303      11.8480
     304      11.0271
     305      11.7620
     306      11.8248
     307      12.5817
     308      13.4191
     309      14.1594
     310      12.9625
     311      13.0671
     312      12.6516
     313      12.8610
     314      12.6472
     315      11.7032
     316      12.1083
     317      11.6106
     318      11.0073
     319      11.3040
     320      10.7300
     321      10.0897
     322       9.9660
     323       9.7177
     324       9.6684
     325      10.1806
     326       9.9075
     327      10.2161
     328      10.5742
     329      10.7964
     330      10.6674
     331      11.1095
     332      11.9590
     333      12.0866
     334      12.6032
     335      11.9197
     336      11.6028
     337      11.7689
     338      12.2760
     339      12.3819
     340      12.5305
     341      13.2904
     342      13.3755
     343      12.5977
     344      12.9783
     345      13.4114
     346      12.1261
     347      12.4537
     348      12.6340
     349      12.9392
     350      13.0542
     351      13.2228
     352      13.0821
     353      13.5393
     354      13.3973
     355      13.1986
     356      13.2331
     357      11.9158
     358      12.4746
     359      12.0386
     360      11.0647
     361      10.2837
     362      10.3868
     363      11.1566
     364      10.8647
     365      10.2699
     366       9.9652
     367      10.3068
     368       9.9965
     369      10.0297
     370       9.8972
     371       8.8554
     372       9.0917
     373       8.6902
     374       8.5921
     375      10.0327
     376       9.1972
     377       9.5539
     378       9.4683
     379       8.7385
     380       8.3288
     381       8.7651
     382       8.2620
     383       7.9199
     384       8.2572
     385       8.3625
     386       8.3679
     387       8.1185
     388       8.7323
     389       8.4894
     390       8.4607
     391       8.2347
     392       8.3147
     393       8.3404
     394       7.9247
     395       9.4734
     396       9.4178
     397      10.3142
     398      10.5467
     399      10.3277
     400      10.7138
     401      10.7454
     402      10.9827
     403      11.0519
     404      10.3348
     405       9.8792
     406       9.2603
     407       9.5788
     408       9.6861
     409       9.2775
     410       9.4362
     411       9.2425
     412       8.8210
     413       8.8755
     414       8.7483
     415       9.5830
     416      11.1542
     417       9.6255
     418       9.8447
     419      10.3900
     420      10.5630
     421      10.9036
     422      10.0972
     423       9.1823
     424       9.4270
     425       9.5377
     426      10.1058
     427      10.4548
     428       9.7552
     429       9.9075
     430       8.8420
     431       7.9294
     432       8.4093
     433       9.8014
     434       9.4714
     435       9.5541
     436       9.7262
     437       9.8492
     438       9.3435
     439       9.0293
     440       8.3339
     441       7.4457
     442       7.0915
     443       6.9924
     444       7.0420
     445       7.2458
     446       7.5045
     447       7.0409
     448       7.1142
     449       6.6896
     450       6.9900
     451       6.1992
     452       6.3266
     453       7.7403
     454       7.6803
     455       7.7100
     456       6.2733
     457       6.7845
     458       6.5214
     459       7.8634
     460       7.4674
     461       6.9894
     462       7.3189
     463       7.3604
     464       6.6220
     465       6.5000
     466       5.5508
     467       5.3868
     468       5.2810
     469       5.5654
     470       5.3232
     471       5.4825
     472       5.4286
     473       5.7999
     474       5.7483
     475       5.4143
     476       5.5204
     477       5.5160
     478       5.4617
     479       5.4460
     480       7.2325
     481       6.8264
     482       7.1255
     483       6.9085
     484       7.2165
     485       8.1485
     486       8.7518
     487       7.2965
     488       6.3066
     489       8.2294
     490       9.8247
     491       9.4091
     492       9.5486
     493      10.0437
     494       7.9536
     495       8.0413
     496       9.3298
     497       9.3958
     498       9.5633
     499       9.3557
     500      10.0175
     501       8.9815
     502       9.3974
     503       9.7139
     504       9.5277
     505      10.3963
     506       9.4420
     507       9.6135
     508       9.4198
     509      10.6757
     510      10.4048
     511      10.7815
     512      10.8136
     513      10.6015
     514      11.6246
     515      11.2711
     516      11.1239
     517      11.5060
     518      11.2211
     519      10.9838
     520      11.2762
     521      10.9602
     522      11.1270
     523      12.0130
     524      11.4398
     525      12.3703
     526      11.9826
     527      12.0319
     528      12.1002
     529      11.2319
     530      11.7775
     531      10.7728
     532      10.8420
     533      11.1521
     534      11.3378
     535      11.1501
     536       9.5809
     537       9.3040
     538       9.3014
     539       9.0707
     540       9.2855
     541       9.0223
     542       9.3592
     543       9.0371
     544       9.6205
     545       8.4220
     546       8.6084
     547       8.7793
     548       9.0162
     549       9.2594
     550       8.7761
     551       8.6743
     552       8.0371
     553       8.4408
     554       8.0957
     555       7.8399
     556       8.0604
     557       7.9300
     558       7.4754
     559       7.2329
     560       6.6318
     561       6.9176
     562       6.1955
     563       6.2756
     564       5.7425
     565       6.5235
     566       6.8350
     567       6.5236
     568       6.8255
     569       7.4855
     570       7.3352
     571       6.2372
     572       6.7878
     573       6.6205
     574       7.3352
     575       6.5695
     576       7.1280
     577       7.7610
     578       7.4609
     579       7.2621
     580       7.6209
     581       7.2371
     582       7.4280
     583       7.6914
     584       7.5878
     585       7.6184
     586       7.2076
     587       6.7630
     588       7.7636
     589       6.6493
     590       9.1079
     591       9.0882
     592       9.4037
     593       9.8950
     594       9.6879
     595       9.1528
     596       7.4884
     597       7.9122
     598       9.2393
     599       9.1303
     600       8.1836
     601      10.2383
     602       9.9416
     603      10.1793
     604      10.4531
     605      10.5423
     606      10.5655
     607       9.8332
     608      10.3428
     609      10.4273
     610       9.0858
     611       9.6730
     612       9.8289
     613       9.9296
     614       9.7201
     615       9.7271
     616       9.9885
     617       8.9975
     618       9.8537
     619      10.8461
     620      10.2803
     621       9.8165
     622      10.5475
     623      11.5305
     624      10.8224
     625      10.7152
     626      10.8862
     627      10.6514
     628      11.4666
     629      10.5159
     630      11.6083
     631      10.7714
     632      10.9131
     633      10.6463
     634      10.6755
     635      11.5292
     636      10.7174
     637      10.8899
     638      11.6629
     639      12.0256
     640      11.8926
     641      12.1013
     642      12.0227
     643      12.2825
     644      11.3570
     645      11.9633
     646      11.1385
     647      12.2125
     648      11.7307
     649      11.5558
     650      10.5928
     651      11.4209
     652      10.6392
     653      11.7699
     654      11.9634
     655      12.8472
     656      12.7700
     657      12.2345
     658      13.1726
     659      13.5795
     660      13.7485
     661      12.9853
     662      14.2925
     663      14.7544
     664      14.8153
     665      14.0913
     666      14.9124
     667      15.4565
     668      15.0226
     669      16.0091
     670      17.0568
     671      16.2569
     672      18.3518
     673      19.7252
     674      22.6356
     675      21.8601
     676      21.3473
     677      21.4041
     678      22.7583
     679      22.5340
     680      23.7637
     681      23.8584
     682      24.0414
     683      25.6064
     684      25.2798
     685      24.7194
     686      24.0569
     687      24.5186
     688      26.7548
     689      28.0609
     690      27.6780
     691      29.4957
     692      28.6775
     693      29.0443
     694      28.5770
     695      28.0864
     696      27.1795
     697      26.9213
     698      26.0821
     699      24.8308
     700      24.9457
     701      25.6306
     702      25.4754
     703      25.4855
     704      25.8905
     705      25.7564
     706      24.6317
     707      24.2718
     708      23.3813
     709      21.3726
     710      22.3353
     711      22.3632
     712      22.3166
     713      22.9054
     714      22.4185
     715      22.6054
     716      23.7816
     717      20.5359
     718      21.0000
     719      21.9362
     720      20.6900
     721      20.4459
     722      20.3868
     723      20.5408
     724      20.0860
     725      19.7643
     726      20.3913
     727      21.0628
     728      19.8615
     729      21.3726
     730      21.1996
     731      21.4764
     732      21.3829
     733      21.2629
     734      21.3261
     735      22.3556
     736      24.3687
     737      22.8909
     738      22.7334
     739      23.2163
     740      24.3799
     741      25.0132
     742      24.4719
     743      23.8144
     744      21.0887
     745      20.6030
     746      19.9884
     747      19.2043
     748      19.6184
     749      19.4703
     750      18.8655
     751      18.0447
     752      18.4810
     753      18.5663
     754      18.0993
     755      17.5494
     756      18.2683
     757      17.9512
     758      16.7906
     759      15.5007
     760      17.5732
     761      16.3294
     762      15.5677
     763      16.0231
     764      15.9720
     765      15.7800
     766      15.8893
     767      17.3392
     768      18.1895
     769      20.1337
     770      21.4857
     771      21.5199
     772      22.1554
     773      23.1862
     774      21.8146
     775      22.4191
     776      22.0336
     777      22.3930
     778      23.7084
     779      22.5029
     780      21.8762
     781      19.2456
     782      18.6953
     783      18.5546
     784      19.1430
     785      19.2848
     786      19.9372
     787      20.5263
     788      20.5708
     789      20.2650
     790      20.9289
     791      20.6283
     792      21.5072
     793      21.5063
     794      23.9454
     795      23.9138
     796      22.6992
     797      23.5106
     798      22.6479
     799      22.5551
     800      22.9257
     801      22.5821
     802      21.5953
     803      21.4696
     804      21.7812
     805      22.1841
     806      22.5328
     807      22.8280
     808      25.3093
     809      26.3311
     810      24.9733
     811      25.6972
     812      25.2995
     813      27.4732
     814      27.6369
     815      27.8761
     816      26.5463
     817      27.8544
     818      25.8951
     819      25.1569
     820      25.1100
     821      26.2495
     822      26.7772
     823      24.9765
     824      23.8153
     825      23.1229
     826      23.5653
     827      23.5663
     828      23.8175
     829      26.9298
     830      26.2904
     831      26.8698
     832      26.1363
     833      25.8822
     834      24.2173
     835      24.1414
     836      24.2936
     837      24.8110
     838      24.7099
     839      24.4563
     840      25.0365
     841      24.9435
     842      24.6280
     843      25.6549
     844      25.2785
     845      24.6051
     846      26.5877
     847      27.1120
     848      27.6357
     849      26.8318
     850      26.0160
     851      25.8168
     852      25.4006
     853      26.9005
     854      28.1316
     855      29.7062
     856      28.6928
     857      29.3016
     858      30.8039
     859      30.5387
     860      29.8683
     861      28.4754
     862      27.6612
     863      29.1834
     864      28.9282
     865      29.3852
     866      28.4408
     867      28.9474
     868      28.2161
     869      27.5512
     870      28.8009
     871      30.9920
     872      31.4754
     873      30.8202
     874      31.0630
     875      31.1158
     876      31.3007
     877      30.1774
     878      30.9874
     879      28.4808
     880      29.4449
     881      28.1615
     882      29.1183
     883      30.1715
     884      28.8248
     885      29.6535
     886      30.5628
     887      31.8232
     888      32.9551
     889      32.3181
     890      32.3652
     891      33.6410
     892      34.5715
     893      34.6242
     894      33.2019
     895      32.7567
     896      32.4992
     897      32.4694
     898      34.0717
     899      33.6596
     900      34.8015
     901      34.5963
     902      34.6205
     903      34.6978
     904      32.8252
     905      32.7204
     906      33.4750
     907      34.0793
     908      33.7226
     909      35.0767
     910      34.7514
     911      34.9836
     912      34.8144
     913      34.4181
     914      34.8956
     915      34.6447
     916      34.9623
     917      34.8394
     918      34.8665
     919      34.5198
     920      33.7781
     921      32.7053
     922      32.5694
     923      32.0044
     924      32.1130
     925      31.8125
     926      30.2048
     927      30.8496
     928      30.7776
     929      30.7197
     930      30.6615
     931      30.9153
     932      30.4529
     933      31.6558
     934      30.5574
     935      29.2424
     936      29.1362
     937      29.9603
     938      29.7477
     939      30.0708
     940      29.2796
     941      30.5930
     942      29.8376
     943      30.5443
     944      29.5856
     945      30.0125
     946      29.7301
     947      28.8936
     948      28.0174
     949      26.7363
     950      27.2703
     951      27.6732
     952      27.0173
     953      26.8471
     954      26.2397
     955      26.1790
     956      26.1990
     957      25.7202
     958      26.6093
     959      27.3678
     960      27.9345
     961      27.1967
     962      26.2481
     963      25.9554
     964      25.6820
     965      25.8637
     966      24.9203
     967      24.6649
     968      24.3690
     969      24.2492
     970      24.2162
     971      23.9305
     972      24.6654
     973      25.5975
     974      25.4495
     975      24.3205
     976      24.4986
     977      24.2608
     978      24.6712
     979      23.7206
     980      23.5127
     981      23.5979
     982      22.4553
     983      21.8946
     984      21.7776
     985      22.2784
     986      22.9998
     987      22.6638
     988      24.0153
     989      24.4145
     990      22.5162
     991      20.2960
     992      18.9704
     993      19.1708
     994      18.6649
     995      18.7273
     996      19.4143
     997      20.3174
     998      19.4685
     999      19.9312
    1000      19.2202
    1001      19.2504
    1002      17.8580
    1003      17.6881
    1004      18.7543
    1005      17.8117
    1006      16.5993
    1007      15.5850
    1008      16.1382
    1009      15.9225
    1010      15.5714
    1011      15.2798
    1012      14.9548
    1013      14.7965
    1014      14.7584
    1015      13.1041
    1016      13.8252
    1017      15.4477
    1018      14.7542
    1019      15.1951
    1020      18.3179
    1021      18.4256
    1022      17.6751
    1023      17.0931
    1024      16.5794
    1025      18.1990
    1026      17.1199
    1027      16.3505
    1028      15.8335
    1029      14.9412
    1030      15.5594
    1031      15.4482
    1032      14.9706
    1033      14.9893
    1034      15.3952
    1035      16.2707
    1036      15.8987
    1037      15.3878
    1038      16.7121
    1039      16.8370
    1040      17.4167
    1041      17.8590
    1042      18.5172
    1043      18.2440
    1044      19.7119
    1045      17.7300
    1046      14.3808
    1047      14.7254
    1048      15.4681
    1049      15.3364
    1050      15.0426
    1051      15.6545
    1052      14.2843
    1053      13.6813
    1054      13.9229
    1055      13.8215
    1056      13.9191
    1057      13.6795
    1058      14.5917
    1059      15.1103
    1060      15.4865
    1061      15.1530
    1062      15.1110
    1063      15.0222
    1064      14.3377
    1065      13.9403
    1066      13.5545
    1067      14.3594
    1068      14.8844
    1069      14.6091
    1070      15.4996
    1071      17.6280
    1072      16.5094
    1073      17.3810
    1074      17.8206
    1075      18.6155
    1076      20.2833
    1077      19.6746
    1078      20.9521
    1079      21.0071
    1080      20.5961
    1081      20.7711
    1082      20.3626
    1083      20.9111
    1084      21.9668
    1085      21.2539
    1086      21.3034
    1087      21.7076
    1088      22.2719
    1089      21.4185
    1090      21.7373
    1091      21.3685
    1092      22.3478
    1093      21.7874
    1094      22.8548
    1095      21.2338
    1096      21.5135
    1097      22.7741
    1098      23.5356
    1099      22.4329
    1100      21.2867
    1101      21.1073
    1102      20.8622
    1103      19.4067
    1104      18.9607
    1105      19.0838
    1106      19.0130
    1107      19.0214
    1108      19.6612
    1109      20.1114
    1110      19.5891
    1111      19.2765
    1112      19.1886
    1113      19.3288
    1114      19.6069
    1115      19.0532
    1116      18.8841
    1117      18.0495
    1118      19.0423
    1119      19.8999
    1120      19.2618
    1121      19.3849
    1122      17.7961
    1123      18.2287
    1124      17.7824
    1125      17.4331
    1126      17.2913
    1127      17.0873
    1128      17.4526
    1129      16.4909
    1130      17.4453
    1131      16.7768
    1132      17.0612
    1133      17.3148
    1134      17.5421
    1135      18.1141
    1136      17.3255
    1137      17.7216
    1138      19.5672
    1139      19.7153
    1140      20.2195
    1141      20.1756
    1142      21.1180
    1143      20.9013
    1144      20.5888
    1145      19.7305
    1146      21.3580
    1147      22.0035
    1148      23.1191
    1149      23.4652
    1150      22.9111
    1151      23.2994
    1152      24.1524
    1153      25.0097
    1154      23.6347
    1155      26.5437
    1156      26.4785
    1157      27.2089
    1158      26.7119
    1159      28.1704
    1160      27.5860
    1161      27.8520
    1162      26.8981
    1163      28.3919
    1164      29.0823
    1165      28.8421
    1166      27.4535
    1167      26.3518
    1168      27.6623
    1169      28.2503
    1170      27.6195
    1171      27.4305
    1172      27.8898
    1173      27.2146
    1174      27.0193
    1175      28.1582
    1176      28.1514
    1177      28.5909
    1178      28.7208
    1179      27.7813
    1180      25.9918
    1181      25.8673
    1182      26.2367
    1183      26.1508
    1184      27.4631
    1185      26.6396
    1186      27.0392
    1187      26.8184
    1188      25.6522
    1189      24.9005
    1190      25.2641
    1191      24.6088
    1192      24.3902
    1193      24.3424
    1194      24.1985
    1195      24.0071
    1196      25.1355
    1197      24.8050
    1198      25.3911
    1199      25.7011
    1200      24.8970
    1201      25.0290
    1202      26.8756
    1203      30.9236
    1204      31.7085
    1205      33.4073
    1206      35.0267
    1207      34.0604
    1208      34.6199
    1209      33.9993
    1210      33.2645
    1211      32.4802
    1212      33.4627
    1213      32.7978
    1214      31.1512
    1215      30.9560
    1216      32.8350
    1217      34.1983
    1218      34.0393
    1219      33.4254
    1220      31.6789
    1221      33.8252
    1222      33.1657
    1223      31.1799
    1224      31.2726
    1225      31.4316
    1226      30.3533
    1227      29.5773
    1228      29.7692
    1229      28.9322
    1230      28.7537
    1231      29.1967
    1232      30.9401
    1233      30.0778
    1234      29.9403
    1235      32.9164
    1236      35.0564
    1237      35.1642
    1238      34.3996
    1239      34.7966
    1240      33.7971
    1241      32.6798
    1242      31.8377
    1243      32.7223
    1244      32.2999
    1245      33.7433
    1246      31.6850
    1247      32.9812
    1248      35.2060
    1249      34.8481
    1250      34.4739
    1251      35.0787
    1252      34.7582
    1253      33.7127
    1254      33.9608
    1255      33.9064
    1256      31.8787
    1257      30.9015
    1258      32.0251
    1259      32.9919
    1260      32.7181
    1261      33.2771
    1262      33.0837
    1263      32.9559
    1264      33.7698
    1265      32.5276
    1266      30.7497
    1267      30.8993
    1268      30.9095
    1269      32.2339
    1270      31.5191
    1271      31.1008
    1272      31.3204
    1273      33.4014
    1274      31.8305
    1275      33.7229
    1276      34.2077
    1277      34.6841
    1278      34.8185
    1279      33.2952
    1280      33.7276
    1281      32.1420
    1282      32.2818
    1283      31.7228
    1284      30.5311
    1285      29.6492
    1286      31.1458
    1287      30.8624
    1288      30.2628
    1289      29.7881
    1290      29.7157
    1291      30.6616
    1292      30.9936
    1293      30.2323
    1294      30.7723
    1295      31.0503
    1296      32.0336
    1297      31.1239
    1298      32.2111
    1299      32.4860
    1300      32.8829
    1301      32.9380
    1302      32.7621
    1303      34.6401
    1304      34.5752
    1305      35.0217
    1306      34.6595
    1307      35.0432
    1308      35.0838
    1309      35.1004
    1310      34.4647
    1311      34.3004
    1312      34.7827
    1313      34.3893
    1314      32.8609
    1315      31.9850
    1316      32.5704
    1317      32.6687
    1318      35.1952
    1319      34.0290
    1320      35.2654
    1321      34.6192
    1322      34.2993
    1323      35.0600
    1324      34.4145
    1325      34.4768
    1326      35.1921
    1327      35.2337
    1328      35.1301
    1329      32.8422
    1330      31.4963
    1331      31.2038
    1332      30.3060
    1333      28.9807
    1334      29.4119
    1335      29.6610
    1336      30.8512
    1337      31.1242
    1338      31.0410
    1339      30.8549
    1340      32.8207
    1341      33.0789
    1342      32.4785
    1343      34.3311
    1344      35.0901
    1345      34.9885
    1346      35.1815
    1347      31.6562
    1348      32.4524
    1349      31.1453
    1350      31.5198
    1351      28.7944
    1352      29.9264
    1353      28.6876
    1354      28.5828
    1355      28.6606
    1356      28.2001
    1357      25.9924
    1358      24.5242
    1359      24.8752
    1360      24.1698
    1361      26.2709
    1362      25.3372
    1363      27.3661
    1364      26.8530
    1365      26.8820
    1366      27.2519
    1367      28.6384
    1368      29.3628
    1369      28.8646
    1370      30.4936
    1371      30.3161
    1372      29.7602
    1373      28.2116
    1374      27.1286
    1375      28.6941
    1376      29.4815
    1377      31.9981
    1378      31.7345
    1379      32.3900
    1380      31.6868
    1381      28.5259
    1382      27.8436
    1383      27.1028
    1384      27.0091
    1385      27.1273
    1386      29.1687
    1387      29.3446
    1388      30.4091
    1389      29.7299
    1390      30.9360
    1391      30.1743
    1392      28.4523
    1393      28.3306
    1394      27.9359
    1395      26.9610
    1396      27.4024
    1397      29.2062
    1398      28.5331
    1399      27.5955
    1400      28.8608
    1401      28.0894
    1402      28.3509
    1403      30.0917
    1404      30.4444
    1405      32.1371
    1406      31.3356
    1407      31.5637
    1408      29.9715
    1409      30.9873
    1410      31.3774
    1411      31.5374
    1412      30.9642
    1413      30.5989
    1414      30.0559
    1415      30.9979
    1416      29.5522
    1417      29.9320
    1418      28.9630
    1419      28.9692
    1420      28.8960
    1421      26.3474
    1422      26.8238
    1423      25.4517
    1424      25.2289
    1425      26.3015
    1426      28.4083
    1427      31.0392
    1428      30.9243
    1429      30.9027
    1430      28.8999
    1431      29.3238
    1432      28.5847
    1433      26.7341
    1434      26.2428
    1435      25.8192
    1436      26.6509
    1437      27.5966
    1438      25.9908
    1439      25.6982
    1440      26.2874
    1441      25.8533
    1442      28.4036
    1443      28.9826
    1444      28.7081
    1445      30.1119
    1446      31.2459
    1447      31.5483
    1448      31.9095
    1449      32.5016
    1450      33.4216
    1451      32.6284
    1452      32.9268
    1453      33.5500
    1454      33.6326
    1455      33.9276
    1456      34.8294
    1457      34.8955
    1458      35.0601
    1459      35.1053
    1460      34.2586
    1461      34.5382
    1462      35.0146
    1463      34.2484
    1464      34.2146
    1465      34.4659
    1466      35.2221
    1467      34.8477
    1468      35.0870
    1469      34.9628
    1470      35.1783
    1471      35.1773
    1472      34.9720
    1473      35.3303
    1474      35.1751
    1475      34.8340
    1476      35.1025
    1477      34.7922
    1478      34.9281
    1479      33.9574
    1480      33.2059
    1481      32.7723
    1482      32.0628
    1483      31.7448
    1484      31.1798
    1485      31.1091
    1486      30.1883
    1487      29.4263
    1488      29.3680
    1489      30.2736
    1490      30.0807
    1491      30.9516
    1492      30.5555
    1493      32.2294
    1494      32.7120
    1495      32.9903
    1496      32.3784
    1497      32.8872
    1498      32.6335
    1499      32.0812
    1500      33.5162
    1501      35.2512
    1502      34.4954
    1503      35.1869
    1504      33.3774
    1505      34.5704
    1506      34.7939
    1507      33.7748
    1508      35.2574
    1509      35.1209
    1510      35.0273
    1511      34.3164
    1512      34.0265
    1513      33.9240
    1514      35.2499
    1515      35.0675
    1516      35.1583
    1517      34.9299
    1518      32.7740
    1519      33.1656
    1520      31.4655
    1521      30.5535
    1522      29.2516
    1523      28.3010
    1524      29.4792
    1525      28.8096
    1526      28.6499
    1527      29.0729
    1528      29.3781
    1529      30.5119
    1530      30.0908
    1531      27.9648
    1532      30.9706
    1533      30.7806
    1534      29.4362
    1535      27.8279
    1536      28.8458
    1537      27.1369
    1538      26.2528
    1539      27.1075
    1540      28.4161
    1541      27.5244
    1542      26.1892
    1543      26.5792
    1544      24.0759
    1545      24.5009
    1546      24.1116
    1547      24.0188
    1548      23.9083
    1549      22.0962
    1550      22.3191
    1551      23.5996
    1552      22.7583
    1553      22.2948
    1554      23.0499
    1555      22.2063
    1556      21.6820
    1557      21.0361
    1558      20.4179
    1559      20.8145
    1560      20.5167
    1561      22.3043
    1562      23.4297
    1563      22.8873
    1564      22.9446
    1565      22.9085
    1566      23.8776
    1567      22.9407
    1568      22.3753
    1569      21.6925
    1570      21.8433
    1571      20.5561
    1572      20.9865
    1573      21.2889
    1574      21.7039
    1575      20.7597
    1576      19.8149
    1577      19.4071
    1578      19.7567
    1579      17.9480
    1580      18.9709
    1581      16.4561
    1582      16.2867
    1583      16.3229
    1584      16.0808
    1585      16.1142
    1586      17.6818
    1587      17.9290
    1588      17.8947
    1589      18.9704
    1590      17.8676
    1591      18.0097
    1592      17.6743
    1593      18.8522
    1594      19.7176
    1595      20.6380
    1596      19.0286
    1597      21.2173
    1598      19.6672
    1599      18.7744
    1600      18.4293
    1601      18.4112
    1602      19.0018
    1603      18.2232
    1604      17.9916
    1605      18.5150
    1606      16.7133
    1607      17.3158
    1608      16.9572
    1609      16.5217
    1610      13.4311
    1611      12.5633
    1612      14.2420
    1613      13.0568
    1614      12.8379
    1615      12.9365
    1616      13.9020
    1617      11.4040
    1618      13.0066
    1619      12.8512
    1620      13.0177
    1621      13.5608
    1622      14.1230
    1623      14.1130
    1624      13.0898
    1625      13.5715
    1626      15.4342
    1627      14.5655
    1628      14.7451
    1629      14.6505
    1630      15.6856
    1631      16.3574
    1632      15.8769
    1633      16.2124
    1634      16.3647
    1635      15.9622
    1636      15.7633
    1637      17.1006
    1638      17.0135
    1639      17.3061
    1640      16.6455
    1641      16.3072
    1642      16.7046
    1643      16.2784
    1644      16.5323
    1645      16.5191
    1646      15.7581
    1647      14.9755
    1648      15.4937
    1649      15.1425
    1650      15.4521
    1651      14.9975
    1652      14.6567
    1653      14.2587
    1654      14.1376
    1655      14.7507
    1656      13.8471
    1657      13.0147
    1658      13.2462
    1659      12.8141
    1660      14.3552
    1661      13.0907
    1662      13.9391
    1663      12.7858
    1664      13.7055
    1665      14.0584
    1666      14.7582
    1667      16.6457
    1668      16.0616
    1669      18.6879
    1670      18.5043
    1671      18.0532
    1672      18.0636
    1673      17.7108
    1674      19.6959
    1675      19.9497
    1676      20.8308
    1677      22.1799
    1678      20.2013
    1679      20.0594
    1680      20.7647
    1681      22.1112
    1682      21.7552
    1683      21.6046
    1684      21.5024
    1685      21.9718
    1686      24.2369
    1687      23.2399
    1688      23.3484
    1689      25.7580
    1690      25.9517
    1691      27.0400
    1692      27.7921
    1693      26.9266
    1694      25.9551
    1695      25.6190
    1696      27.8453
    1697      26.6787
    1698      26.7023
    1699      26.6757
    1700      26.6349
    1701      27.0045
    1702      26.6126
    1703      25.8693
    1704      27.2001
    1705      28.2195
    1706      29.5246
    1707      29.2936
    1708      31.7346
    1709      31.2481
    1710      30.8281
    1711      30.8645
    1712      29.1440
    1713      29.2220
    1714      31.2827
    1715      32.0197
    1716      30.7281
    1717      31.8832
    1718      31.1620
    1719      30.1660
    1720      30.3083
    1721      30.2106
    1722      32.1786
    1723      34.6901
    1724      33.6809
    1725      33.1727
    1726      34.1571
    1727      34.7517
    1728      35.1414
    1729      35.1907
    1730      33.0306
    1731      32.9934
    1732      32.9278
    1733      30.7560
    1734      30.9466
    1735      30.0469
    1736      28.5419
    1737      28.4559
    1738      28.3276
    1739      28.7583
    1740      29.5013
    1741      29.4983
    1742      30.6704
    1743      30.2136
    1744      30.4908
    1745      31.0479
    1746      31.1386
    1747      32.6331
    1748      31.9355
    1749      32.8116
    1750      32.4891
