#Frame     end-to-end
       1      12.1203
       2      11.9767
       3      11.5671
       4      11.9263
       5      11.7057
       6      11.8216
       7      11.9109
       8      12.1224
       9      12.8077
      10      12.1649
      11      11.8313
      12      12.2291
      13      11.8167
      14      11.8538
      15      11.8823
      16      11.4904
      17      11.7309
      18      12.2984
      19      12.6839
      20      11.6393
      21      12.3239
      22      12.0611
      23      11.7445
      24      11.5818
      25      11.6792
      26      10.9798
      27      11.2418
      28      11.1347
      29      11.4303
      30      11.5358
      31      11.0432
      32      11.0186
      33      11.1141
      34      11.2912
      35      11.3670
      36      11.2903
      37      11.2359
      38      11.1457
      39      11.2180
      40      11.4584
      41      12.8472
      42      11.6601
      43      11.5168
      44      11.3085
      45      11.2596
      46      11.2526
      47      11.1221
      48      11.4138
      49      11.3662
      50      11.3388
      51      12.6180
      52      12.8721
      53      12.9573
      54      13.3060
      55      13.9579
      56      14.4023
      57      14.1557
      58      14.9702
      59      14.5939
      60      14.3674
      61      14.0287
      62      13.6964
      63      14.5087
      64      13.2951
      65      13.7444
      66      14.0586
      67      14.4155
      68      14.3981
      69      14.7403
      70      14.6399
      71      14.6786
      72      15.4021
      73      15.7544
      74      16.3071
      75      15.2903
      76      15.3841
      77      15.7943
      78      16.3132
      79      15.7704
      80      16.1573
      81      16.3260
      82      16.0071
      83      16.1914
      84      16.3643
      85      17.1827
      86      17.1855
      87      16.9713
      88      17.6748
      89      18.1425
      90      18.3675
      91      18.6727
      92      18.4396
      93      18.1699
      94      17.8626
      95      17.5041
      96      18.0418
      97      17.7192
      98      18.0872
      99      17.8738
     100      18.3003
     101      18.8375
     102      18.2598
     103      17.3214
     104      18.3501
     105      18.7933
     106      17.7173
     107      16.9978
     108      16.4574
     109      16.7026
     110      16.7305
     111      16.1708
     112      16.5659
     113      16.9099
     114      16.5856
     115      16.5571
     116      16.9321
     117      17.2602
     118      17.2505
     119      17.4249
     120      16.8423
     121      17.1333
     122      17.1675
     123      16.9311
     124      16.2684
     125      16.1681
     126      16.0999
     127      15.5956
     128      15.6845
     129      15.2498
     130      14.9999
     131      14.6510
     132      14.7612
     133      14.5047
     134      14.5671
     135      14.1152
     136      14.1221
     137      13.7996
     138      13.7241
     139      13.1983
     140      13.3474
     141      13.3046
     142      13.1344
     143      13.1679
     144      13.1251
     145      13.2394
     146      13.7540
     147      13.6137
     148      12.8992
     149      13.3312
     150      12.6887
     151      12.1574
     152      11.8999
     153      11.9653
     154      11.8160
     155      11.6429
     156      11.7831
     157      11.9256
     158      12.2855
     159      12.2674
     160      12.3576
     161      12.2236
     162      11.9305
     163      11.3906
     164      11.3387
     165      10.7008
     166      10.0750
     167       9.9509
     168      10.0849
     169       9.8967
     170      10.1506
     171       9.8365
     172       9.9999
     173       9.8635
     174      10.1533
     175      10.2893
     176      10.2484
     177      10.2139
     178      10.0240
     179      10.1970
     180      10.1732
     181      10.2623
     182      10.0904
     183       9.3518
     184       9.7885
     185       9.9017
     186       9.9787
     187       9.7134
     188       9.7427
     189       9.6353
     190       9.7755
     191       9.6792
     192       9.7926
     193       9.5673
     194       9.7936
     195       9.5596
     196      10.0816
     197      10.1868
     198      10.1685
     199      10.1314
     200       9.8116
     201      10.2050
     202       9.4918
     203       9.6482
     204       9.5900
     205       9.2944
     206       9.3552
     207       9.5396
     208       9.7029
     209       9.9508
     210      10.1310
     211      10.4730
     212      10.7049
     213      11.1450
     214      10.8210
     215      10.6436
     216      10.9636
     217      10.7896
     218      11.5085
     219      11.9768
     220      11.8701
     221      11.8461
     222      11.9621
     223      12.5115
     224      12.2831
     225      12.3120
     226      12.6814
     227      12.9935
     228      12.6830
     229      13.2760
     230      13.8513
     231      13.3627
     232      13.4992
     233      12.7661
     234      12.7538
     235      13.3379
     236      13.5222
     237      13.2058
     238      13.6498
     239      12.9554
     240      13.6140
     241      14.0111
     242      14.3043
     243      14.2640
     244      14.9966
     245      14.8390
     246      14.9953
     247      15.2817
     248      14.6350
     249      15.2064
     250      14.9990
     251      15.2130
     252      15.2151
     253      15.1218
     254      15.4027
     255      14.8999
     256      15.6336
     257      15.4055
     258      14.8076
     259      15.0388
     260      15.2683
     261      15.1924
     262      15.3284
     263      15.4393
     264      15.3105
     265      14.6881
     266      14.5655
     267      15.0177
     268      14.3678
     269      14.0114
     270      13.9316
     271      13.7303
     272      13.9864
     273      13.8344
     274      14.5897
     275      14.5766
     276      15.4725
     277      15.4245
     278      15.8863
     279      15.8126
     280      15.7094
     281      16.1292
     282      16.8471
     283      17.0487
     284      16.0528
     285      16.2500
     286      16.5648
     287      17.4588
     288      17.6542
     289      18.6675
     290      19.8807
     291      20.7849
     292      19.7484
     293      19.8369
     294      19.7331
     295      20.8989
     296      21.0454
     297      20.4090
     298      20.5205
     299      20.7511
     300      20.8253
     301      20.8821
     302      20.8044
     303      21.6670
     304      21.8438
     305      22.4665
     306      22.4479
     307      21.9773
     308      21.6891
     309      21.4694
     310      21.8805
     311      22.0692
     312      21.8407
     313      22.7877
     314      22.9042
     315      22.5090
     316      22.7830
     317      22.7509
     318      23.1837
     319      23.4266
     320      23.4881
     321      23.6821
     322      22.9148
     323      21.8790
     324      21.8682
     325      21.7088
     326      21.2897
     327      20.6198
     328      21.5708
     329      20.8043
     330      20.2620
     331      20.1369
     332      19.9890
     333      20.4710
     334      20.4988
     335      21.0541
     336      20.6037
     337      20.1120
     338      19.7483
     339      18.8751
     340      18.7306
     341      18.8218
     342      18.7198
     343      19.3426
     344      18.9474
     345      18.9187
     346      18.9690
     347      18.9634
     348      19.1830
     349      18.9842
     350      18.4954
     351      17.7179
     352      18.3765
     353      19.3307
     354      19.1294
     355      18.8203
     356      18.7969
     357      19.0009
     358      19.1748
     359      19.9802
     360      20.1392
     361      20.0379
     362      20.2277
     363      19.9041
     364      20.1785
     365      20.0189
     366      20.2045
     367      20.3749
     368      20.3497
     369      20.4189
     370      20.4878
     371      21.0557
     372      21.5183
     373      22.1247
     374      21.7307
     375      21.4292
     376      22.2503
     377      21.9006
     378      22.5012
     379      22.9583
     380      22.6895
     381      23.8707
     382      23.8508
     383      23.9430
     384      23.8555
     385      24.6566
     386      24.9950
     387      25.2560
     388      25.0457
     389      25.5684
     390      24.4242
     391      24.6895
     392      24.9958
     393      26.2451
     394      25.5248
     395      25.9501
     396      26.5865
     397      27.1018
     398      26.8367
     399      28.2538
     400      29.0713
     401      28.1422
     402      28.6323
     403      28.2995
     404      29.4156
     405      30.0358
     406      30.7133
     407      31.4656
     408      32.1047
     409      31.3703
     410      31.2989
     411      30.9896
     412      30.1821
     413      30.9238
     414      30.8616
     415      30.2472
     416      30.2705
     417      29.2002
     418      28.1764
     419      27.9534
     420      27.4516
     421      27.3212
     422      26.8359
     423      26.3828
     424      26.8739
     425      27.5757
     426      27.0093
     427      26.1911
     428      26.1002
     429      25.7370
     430      25.9773
     431      26.3917
     432      27.1240
     433      27.0951
     434      27.4931
     435      28.0833
     436      27.4534
     437      27.4001
     438      26.7502
     439      26.3257
     440      26.7189
     441      26.3070
     442      26.7335
     443      26.2253
     444      24.9147
     445      24.7435
     446      24.7045
     447      24.0635
     448      24.1986
     449      24.6375
     450      24.1305
     451      24.2281
     452      24.9875
     453      25.4216
     454      25.3948
     455      25.0184
     456      24.1207
     457      24.3460
     458      25.1280
     459      24.9685
     460      24.7184
     461      25.1765
     462      24.6098
     463      23.9695
     464      24.5497
     465      24.9450
     466      24.7511
     467      24.8951
     468      25.0613
     469      25.3458
     470      25.3742
     471      25.2674
     472      25.6725
     473      25.0788
     474      25.6156
     475      27.3630
     476      28.6110
     477      28.7811
     478      29.3030
     479      29.4675
     480      30.0786
     481      29.1385
     482      28.5061
     483      28.7170
     484      29.2903
     485      29.7662
     486      29.9756
     487      28.7946
     488      28.8710
     489      28.1259
     490      28.2488
     491      28.4078
     492      27.7981
     493      27.9531
     494      27.8361
     495      28.8167
     496      29.3092
     497      29.4604
     498      30.0834
     499      30.7287
     500      31.2027
     501      31.3069
     502      31.1790
     503      31.6216
     504      31.4062
     505      32.0039
     506      32.6958
     507      33.4252
     508      33.3077
     509      33.5572
     510      33.3912
     511      33.2127
     512      32.4824
     513      33.6739
     514      34.3636
     515      35.0456
     516      34.7674
     517      34.7887
     518      35.0774
     519      34.9362
     520      35.2140
     521      35.0063
     522      35.2297
     523      34.8619
     524      33.9240
     525      34.7552
     526      34.6757
     527      34.7047
     528      35.0707
     529      35.1139
     530      33.8127
     531      33.3875
     532      32.8310
     533      33.2366
     534      33.6017
     535      33.2964
     536      33.5025
     537      33.0614
     538      32.0284
     539      32.4819
     540      32.8348
     541      32.0678
     542      33.2680
     543      32.3422
     544      31.8273
     545      31.5057
     546      31.0539
     547      31.0943
     548      30.5792
     549      30.7127
     550      30.0008
     551      30.2733
     552      29.7699
     553      29.8287
     554      31.1081
     555      30.8945
     556      31.6298
     557      32.3484
     558      32.0366
     559      31.4805
     560      32.0125
     561      32.1796
     562      31.8073
     563      32.4829
     564      33.0367
     565      33.1166
     566      33.3346
     567      34.2426
     568      34.9129
     569      35.0177
     570      35.0305
     571      35.0637
     572      35.1810
     573      34.3363
     574      35.0174
     575      34.8565
     576      34.9533
     577      34.4990
     578      34.1006
     579      34.9133
     580      35.0831
     581      35.0868
     582      35.0265
     583      34.2518
     584      34.5537
     585      34.9523
     586      35.3297
     587      35.0541
     588      35.2965
     589      34.9806
     590      33.8728
     591      32.5956
     592      32.4142
     593      32.2406
     594      31.6321
     595      30.1250
     596      29.9177
     597      29.9090
     598      28.7952
     599      28.9883
     600      28.1811
     601      28.0501
     602      27.4255
     603      27.2132
     604      27.1306
     605      26.2263
     606      26.1835
     607      25.9368
     608      25.3625
     609      26.1436
     610      26.8103
     611      27.0501
     612      26.9168
     613      26.7459
     614      27.1083
     615      28.2289
     616      27.6015
     617      27.8441
     618      28.9398
     619      28.7453
     620      28.8190
     621      29.5511
     622      30.3970
     623      30.4166
     624      30.6091
     625      30.5243
     626      31.1619
     627      32.1649
     628      32.9052
     629      33.3299
     630      33.5778
     631      33.3130
     632      32.3700
     633      32.5169
     634      32.3859
     635      32.9963
     636      32.5299
     637      32.6990
     638      33.6197
     639      34.8673
     640      35.2080
     641      35.3105
     642      35.2713
     643      35.1091
     644      35.2387
     645      35.1733
     646      35.2684
     647      35.0072
     648      35.1010
     649      35.3754
     650      35.1957
     651      34.6722
     652      33.5906
     653      35.2135
     654      34.4979
     655      34.7615
     656      34.6447
     657      35.4085
     658      35.0759
     659      34.7457
     660      33.0815
     661      32.8468
     662      32.6703
     663      32.3715
     664      32.1441
     665      31.1226
     666      30.9840
     667      30.4648
     668      29.5714
     669      30.0797
     670      30.0943
     671      30.1481
     672      30.2784
     673      29.2922
     674      29.1093
     675      29.5689
     676      28.2014
     677      27.5000
     678      26.8435
     679      26.7567
     680      26.4106
     681      26.5599
     682      26.0680
     683      26.3800
     684      26.1101
     685      25.0553
     686      23.6417
     687      22.9594
     688      23.3738
     689      22.8834
     690      22.7665
     691      23.0434
     692      22.5262
     693      22.9296
     694      22.1257
     695      22.7236
     696      22.2634
     697      22.0321
     698      21.5678
     699      21.5534
     700      21.0380
     701      21.1198
     702      20.8668
     703      20.4780
     704      20.7573
     705      20.2470
     706      20.7601
     707      20.0829
     708      19.9631
     709      19.7085
     710      19.5719
     711      19.9640
     712      19.9489
     713      19.4273
     714      19.0068
     715      18.4964
     716      18.4448
     717      17.9826
     718      18.5793
     719      18.4927
     720      18.4335
     721      17.9111
     722      18.0693
     723      17.7977
     724      17.8891
     725      17.8961
     726      18.5926
     727      18.5244
     728      18.2528
     729      18.3051
     730      18.1201
     731      17.8953
     732      18.1460
     733      18.1092
     734      19.7969
     735      19.3360
     736      19.6676
     737      20.4446
     738      19.7245
     739      19.7662
     740      19.3847
     741      19.4295
     742      19.3045
     743      19.6041
     744      20.4367
     745      20.9076
     746      21.0497
     747      21.8475
     748      22.2227
     749      21.7105
     750      22.1663
     751      22.3598
     752      23.0006
     753      23.0637
     754      23.3080
     755      22.8945
     756      23.5451
     757      22.9783
     758      22.9482
     759      22.6695
     760      22.9951
     761      22.7143
     762      22.4876
     763      22.1084
     764      21.8672
     765      21.7029
     766      22.3851
     767      22.5353
     768      22.7630
     769      22.1235
     770      22.3019
     771      22.6968
     772      22.7786
     773      23.9668
     774      24.0653
     775      24.3999
     776      24.0480
     777      23.8285
     778      24.0034
     779      23.6920
     780      23.8986
     781      23.8523
     782      24.3100
     783      24.0883
     784      23.0321
     785      23.6791
     786      23.7923
     787      24.9678
     788      24.8176
     789      25.3706
     790      25.5597
     791      25.2704
     792      25.2388
     793      25.6228
     794      25.0003
     795      25.1639
     796      24.8923
     797      24.6606
     798      25.1022
     799      25.4157
     800      25.5048
     801      27.0906
     802      27.2099
     803      28.3669
     804      29.2733
     805      28.6724
     806      28.7700
     807      28.6742
     808      29.1093
     809      28.6354
     810      28.0931
     811      28.5720
     812      27.8065
     813      28.1404
     814      27.4023
     815      27.3266
     816      28.1924
     817      28.3162
     818      28.8083
     819      28.6062
     820      27.0644
     821      27.2484
     822      27.6233
     823      26.6049
     824      26.4966
     825      25.9945
     826      26.7014
     827      26.5350
     828      25.6424
     829      26.1419
     830      26.3720
     831      24.8275
     832      24.5243
     833      25.2343
     834      24.7890
     835      24.8538
     836      25.8042
     837      25.7234
     838      25.3082
     839      26.0072
     840      25.8451
     841      24.4800
     842      24.0557
     843      24.3315
     844      25.0144
     845      24.0970
     846      23.4775
     847      23.8970
     848      23.8601
     849      23.9484
     850      23.4738
     851      22.3039
     852      21.6169
     853      20.8824
     854      20.7887
     855      20.9598
     856      20.9541
     857      20.3111
     858      20.9616
     859      20.5657
     860      20.4679
     861      20.8797
     862      19.5095
     863      19.4915
     864      19.0036
     865      18.5669
     866      18.1796
     867      18.3890
     868      18.3797
     869      18.6359
     870      18.3649
     871      18.4597
     872      17.6874
     873      17.1596
     874      17.0481
     875      17.1445
     876      17.1422
     877      16.9413
     878      16.9056
     879      17.0552
     880      16.7639
     881      16.7024
     882      16.6628
     883      16.6866
     884      16.4638
     885      16.6753
     886      16.2942
     887      16.5896
     888      16.5353
     889      16.0744
     890      15.7740
     891      16.1027
     892      16.4753
     893      16.3620
     894      16.3828
     895      16.2829
     896      16.5707
     897      15.7336
     898      15.9945
     899      16.0728
     900      16.4563
     901      16.4292
     902      16.3647
     903      16.3394
     904      16.5534
     905      16.4409
     906      16.1608
     907      16.8603
     908      15.3488
     909      15.4939
     910      16.4182
     911      16.1316
     912      16.1827
     913      16.3670
     914      16.1857
     915      16.5694
     916      16.2367
     917      16.2374
     918      16.4615
     919      16.4096
     920      16.6285
     921      15.7695
     922      15.3784
     923      15.6117
     924      15.5302
     925      15.4715
     926      15.0699
     927      15.4090
     928      15.2421
     929      15.0464
     930      15.1766
     931      15.2539
     932      15.3161
     933      15.1930
     934      15.2892
     935      15.5286
     936      15.1624
     937      15.0696
     938      15.1257
     939      15.1415
     940      15.1892
     941      14.9859
     942      15.0741
     943      15.0482
     944      14.7280
     945      14.7286
     946      14.9313
     947      14.5319
     948      14.5565
     949      13.9581
     950      13.7556
     951      14.0830
     952      14.0055
     953      14.0143
     954      13.7408
     955      13.9841
     956      13.9741
     957      14.3155
     958      14.1080
     959      14.0255
     960      14.2790
     961      14.2634
     962      14.1540
     963      13.9873
     964      14.2382
     965      14.3214
     966      13.9779
     967      13.9757
     968      14.2314
     969      14.0382
     970      14.1193
     971      14.3643
     972      14.0500
     973      14.3168
     974      13.9990
     975      14.0671
     976      14.5683
     977      14.4227
     978      14.4111
     979      14.2965
     980      14.3064
     981      14.0578
     982      14.3339
     983      14.0211
     984      14.2344
     985      14.1887
     986      14.0393
     987      14.5705
     988      14.3657
     989      14.6037
     990      14.7741
     991      15.4107
     992      14.8180
     993      14.6606
     994      15.3258
     995      16.3517
     996      17.1425
     997      17.3608
     998      17.4247
     999      17.5748
    1000      17.9700
    1001      17.9801
    1002      17.7644
    1003      18.2338
    1004      18.3754
    1005      18.5898
    1006      18.6284
    1007      18.6603
    1008      18.8770
    1009      18.5699
    1010      18.5765
    1011      18.1018
    1012      18.1273
    1013      18.9627
    1014      18.7474
    1015      18.3331
    1016      18.2357
    1017      18.4868
    1018      18.8608
    1019      19.3398
    1020      19.6225
    1021      19.9514
    1022      19.9902
    1023      20.3328
    1024      19.7217
    1025      21.0835
    1026      20.8137
    1027      20.6102
    1028      20.7158
    1029      20.7132
    1030      20.3117
    1031      21.0929
    1032      21.5703
    1033      21.6111
    1034      21.0729
    1035      20.9367
    1036      21.5592
    1037      21.1736
    1038      21.5071
    1039      20.8207
    1040      21.0904
    1041      22.0515
    1042      22.2205
    1043      22.9146
    1044      22.1046
    1045      22.2499
    1046      22.2914
    1047      23.0591
    1048      21.8674
    1049      21.9803
    1050      22.2809
    1051      21.8002
    1052      21.9060
    1053      22.3941
    1054      21.5624
    1055      21.9810
    1056      22.2752
    1057      21.2035
    1058      20.0952
    1059      20.5160
    1060      19.9286
    1061      18.5651
    1062      18.3057
    1063      18.3351
    1064      18.0699
    1065      18.1037
    1066      17.9186
    1067      17.5625
    1068      17.5521
    1069      17.3813
    1070      17.4068
    1071      16.9686
    1072      16.7502
    1073      17.0109
    1074      17.1932
    1075      16.5761
    1076      16.7814
    1077      17.4475
    1078      17.5758
    1079      17.4900
    1080      18.7220
    1081      18.2637
    1082      18.7163
    1083      18.2105
    1084      18.7962
    1085      17.9080
    1086      18.3573
    1087      18.4714
    1088      18.5174
    1089      19.4979
    1090      19.9669
    1091      19.8076
    1092      19.9665
    1093      20.0345
    1094      20.8950
    1095      20.4103
    1096      20.0241
    1097      20.9957
    1098      21.5409
    1099      20.0444
    1100      20.2755
    1101      19.9195
    1102      20.9136
    1103      21.6913
    1104      22.2470
    1105      23.7555
    1106      24.5207
    1107      24.7267
    1108      24.0958
    1109      24.0070
    1110      24.7044
    1111      25.6553
    1112      24.9357
    1113      23.8593
    1114      24.4045
    1115      25.1789
    1116      26.0251
    1117      26.8859
    1118      27.1262
    1119      27.6570
    1120      28.8821
    1121      30.2424
    1122      30.1071
    1123      30.7618
    1124      31.1548
    1125      31.4501
    1126      31.4376
    1127      31.3931
    1128      32.4717
    1129      32.4169
    1130      32.1936
    1131      32.5899
    1132      32.4979
    1133      31.6276
    1134      31.7659
    1135      32.4503
    1136      31.4349
    1137      31.3610
    1138      30.1538
    1139      30.3340
    1140      30.3047
    1141      30.4397
    1142      30.5080
    1143      30.1348
    1144      30.3567
    1145      30.2109
    1146      30.4834
    1147      30.7081
    1148      30.9597
    1149      30.6784
    1150      30.5116
    1151      30.7253
    1152      31.3388
    1153      31.3699
    1154      31.2597
    1155      31.2831
    1156      32.2242
    1157      33.0304
    1158      33.0816
    1159      33.5509
    1160      33.7625
    1161      33.7210
    1162      34.0646
    1163      34.0691
    1164      34.1677
    1165      34.0822
    1166      33.7235
    1167      33.6357
    1168      33.2655
    1169      33.8597
    1170      34.3592
    1171      35.1302
    1172      35.1899
    1173      35.0418
    1174      35.0399
    1175      35.2593
    1176      35.0741
    1177      35.1582
    1178      34.9460
    1179      35.0723
    1180      35.2520
    1181      35.1192
    1182      35.0972
    1183      34.3808
    1184      33.1346
    1185      32.5085
    1186      32.3407
    1187      32.2170
    1188      32.7432
    1189      31.5543
    1190      31.6726
    1191      30.4078
    1192      30.1111
    1193      29.3204
    1194      29.4062
    1195      28.7046
    1196      28.2367
    1197      28.0665
    1198      28.1830
    1199      28.5966
    1200      28.7140
    1201      28.3258
    1202      28.5924
    1203      28.3104
    1204      28.3345
    1205      29.2676
    1206      29.9417
    1207      30.8530
    1208      30.6236
    1209      30.3354
    1210      30.3085
    1211      30.4552
    1212      30.8188
    1213      31.6714
    1214      32.1172
    1215      32.8621
    1216      32.5507
    1217      32.2477
    1218      32.8948
    1219      33.4872
    1220      33.3682
    1221      33.5840
    1222      33.3479
    1223      33.4804
    1224      33.8598
    1225      32.4323
    1226      31.9691
    1227      32.0927
    1228      31.4193
    1229      32.1234
    1230      31.8054
    1231      31.9711
    1232      31.3029
    1233      31.1085
    1234      31.3395
    1235      31.2767
    1236      31.0359
    1237      31.3519
    1238      31.2668
    1239      29.7974
    1240      29.3884
    1241      29.2123
    1242      28.0421
    1243      28.1538
    1244      27.8833
    1245      27.2176
    1246      27.2462
    1247      27.2862
    1248      26.8050
    1249      26.5175
    1250      26.1241
    1251      26.1223
    1252      25.6499
    1253      25.4852
    1254      26.2728
    1255      26.8624
    1256      26.6033
    1257      26.5928
    1258      26.7599
    1259      27.3007
    1260      27.3282
    1261      27.4266
    1262      27.5263
    1263      27.2940
    1264      28.6316
    1265      28.6652
    1266      27.8135
    1267      28.3740
    1268      27.7934
    1269      26.8873
    1270      27.2325
    1271      27.1712
    1272      25.9323
    1273      25.3617
    1274      25.2919
    1275      25.4231
    1276      26.1841
    1277      25.1537
    1278      24.8607
    1279      24.0737
    1280      23.5613
    1281      23.2499
    1282      23.3735
    1283      23.4275
    1284      22.9027
    1285      22.7839
    1286      21.9150
    1287      22.5238
    1288      23.3710
    1289      23.3668
    1290      23.8295
    1291      24.1700
    1292      24.0439
    1293      23.3791
    1294      23.5662
    1295      23.0063
    1296      22.8205
    1297      22.7099
    1298      23.1896
    1299      23.1410
    1300      23.4633
    1301      22.9037
    1302      23.3315
    1303      23.2136
    1304      23.2827
    1305      23.6217
    1306      24.4721
    1307      24.2593
    1308      24.5513
    1309      24.4883
    1310      24.2933
    1311      23.4471
    1312      23.0092
    1313      23.0315
    1314      23.2151
    1315      23.8041
    1316      23.3176
    1317      22.9274
    1318      21.8047
    1319      22.2546
    1320      21.5955
    1321      21.3854
    1322      21.1017
    1323      21.6664
    1324      20.1455
    1325      19.5802
    1326      18.5685
    1327      18.9059
    1328      18.5003
    1329      17.9484
    1330      17.9837
    1331      17.3314
    1332      17.5240
    1333      17.5545
    1334      18.2415
    1335      17.8673
    1336      17.8594
    1337      16.8213
    1338      17.1502
    1339      16.9839
    1340      17.4265
    1341      17.2719
    1342      17.0298
    1343      17.4707
    1344      17.6248
    1345      17.5990
    1346      17.9183
    1347      17.5011
    1348      17.4900
    1349      17.4536
    1350      16.7508
    1351      17.0646
    1352      17.3411
    1353      16.8246
    1354      16.6928
    1355      17.1741
    1356      16.6824
    1357      17.3278
    1358      17.7850
    1359      17.3430
    1360      16.6238
    1361      16.5429
    1362      16.5941
    1363      16.1211
    1364      16.4184
    1365      16.2691
    1366      15.9099
    1367      16.2548
    1368      16.5713
    1369      16.3102
    1370      16.1518
    1371      16.2618
    1372      16.7077
    1373      16.2335
    1374      16.0738
    1375      16.4787
    1376      16.6492
    1377      16.0200
    1378      16.1392
    1379      15.5071
    1380      15.6577
    1381      15.8558
    1382      16.2681
    1383      15.8063
    1384      15.8208
    1385      15.5865
    1386      15.3405
    1387      15.3305
    1388      14.5750
    1389      13.6883
    1390      12.9697
    1391      13.0101
    1392      13.1246
    1393      12.9867
    1394      12.9410
    1395      12.9481
    1396      12.7932
    1397      13.1224
    1398      12.8755
    1399      13.0658
    1400      12.7184
    1401      12.1553
    1402      12.1844
    1403      11.8847
    1404      11.9065
    1405      12.1124
    1406      11.5351
    1407      11.6102
    1408      12.1006
    1409      12.1200
    1410      11.9563
    1411      12.0527
    1412      12.5019
    1413      12.0628
    1414      11.7914
    1415      12.2961
    1416      11.8344
    1417      11.8784
    1418      12.2674
    1419      12.0395
    1420      11.3804
    1421      11.0915
    1422      11.6609
    1423      11.8607
    1424      11.7305
    1425      11.7775
    1426      12.0108
    1427      11.6666
    1428      11.6178
    1429      11.6338
    1430      11.5766
    1431      11.5418
    1432      11.8982
    1433      12.0566
    1434      11.8322
    1435      11.1884
    1436      11.4139
    1437      11.5808
    1438      11.0075
    1439      11.1061
    1440      11.1516
    1441      11.0687
    1442      11.2382
    1443      10.5130
    1444      10.0950
    1445      10.0147
    1446      10.4909
    1447      10.2022
    1448      10.4376
    1449      10.4458
    1450      10.4146
    1451      10.4018
    1452      10.3515
    1453      10.1468
    1454      10.3118
    1455      10.0791
    1456      10.0324
    1457      10.3911
    1458      10.5206
    1459      10.6283
    1460      10.9786
    1461      11.4200
    1462      10.9564
    1463      10.5058
    1464      10.5583
    1465      10.6911
    1466      10.6907
    1467      10.7590
    1468      11.2813
    1469      10.6821
    1470      10.7344
    1471      10.3972
    1472      10.3556
    1473      10.3758
    1474       9.9797
    1475      10.5858
    1476      10.4541
    1477      10.5798
    1478      10.5998
    1479      10.5084
    1480       9.7912
    1481      10.1850
    1482      10.1382
    1483       9.8012
    1484       9.2519
    1485       9.2553
    1486       9.2517
    1487       9.3675
    1488       8.9905
    1489       9.0961
    1490       9.3608
    1491       9.0592
    1492       9.5744
    1493       8.9205
    1494       9.0601
    1495       9.0858
    1496       9.3065
    1497       8.4715
    1498       8.9270
    1499       9.2778
    1500       8.7318
    1501       9.1170
    1502       8.6944
    1503       8.5399
    1504       8.4053
    1505       8.3055
    1506       8.3858
    1507       8.3209
    1508       8.3055
    1509       8.7776
    1510       8.2948
    1511       8.4409
    1512       8.4724
    1513       8.1220
    1514       7.9977
    1515       8.0296
    1516       8.3662
    1517       8.3318
    1518       8.1416
    1519       8.0841
    1520       8.0006
    1521       7.8445
    1522       7.9940
    1523       7.6058
    1524       7.7686
    1525       8.2126
    1526       7.6240
    1527       7.6375
    1528       7.6031
    1529       8.0671
    1530       8.3449
    1531       8.6776
    1532       8.5193
    1533       8.3995
    1534       8.6048
    1535       8.3537
    1536       8.4352
    1537       8.1979
    1538       8.2117
    1539       7.7113
    1540       7.6766
    1541       7.9343
    1542       7.7322
    1543       8.2825
    1544       7.7403
    1545       7.9638
    1546       7.7991
    1547       7.6407
    1548       7.6334
    1549       7.7868
    1550       7.8372
    1551       7.7534
    1552       7.5836
    1553       7.6079
    1554       7.3516
    1555       7.4822
    1556       7.5564
    1557       7.3797
    1558       7.6604
    1559       7.5259
    1560       7.3261
    1561       7.4321
    1562       7.7678
    1563       7.6813
    1564       7.4984
    1565       7.6589
    1566       7.7243
    1567       7.3072
    1568       7.5199
    1569       7.5670
    1570       7.4775
    1571       7.4987
    1572       7.6251
    1573       7.4546
    1574       7.6161
    1575       7.4430
    1576       8.5843
    1577       7.7159
    1578       7.7855
    1579       7.6267
    1580       7.5846
    1581       8.4805
    1582       8.5907
    1583       8.3207
    1584       8.9915
    1585       8.5922
    1586       8.7567
    1587       8.8003
    1588       8.3339
    1589       8.8108
    1590       8.6501
    1591       8.6146
    1592       8.6111
    1593       8.6514
    1594       8.4266
    1595       8.9089
    1596       8.7685
    1597       8.9072
    1598       8.5426
    1599       9.1488
    1600       8.6759
    1601       8.8250
    1602       8.7162
    1603       8.3027
    1604       8.7888
    1605       9.2331
    1606       9.0753
    1607       9.2684
    1608       9.5352
    1609       9.2654
    1610       9.8158
    1611      10.1120
    1612       9.9216
    1613       9.8525
    1614      10.0997
    1615       9.9002
    1616      10.2590
    1617      10.0162
    1618       9.8818
    1619      10.3224
    1620      10.5783
    1621      10.2785
    1622      10.1703
    1623      10.4636
    1624      10.2616
    1625      10.3981
    1626       9.9354
    1627       9.9139
    1628      10.3148
    1629      10.0572
    1630      10.1444
    1631      10.1024
    1632      10.5362
    1633      10.9282
    1634      12.0802
    1635      12.3685
    1636      12.7959
    1637      13.0189
    1638      13.0368
    1639      13.1493
    1640      12.7990
    1641      12.8787
    1642      13.1484
    1643      12.9317
    1644      12.9273
    1645      13.0190
    1646      12.4566
    1647      12.8128
    1648      12.9195
    1649      12.9332
    1650      13.2354
    1651      13.0743
    1652      12.8192
    1653      13.1986
    1654      13.1724
    1655      13.1858
    1656      13.0884
    1657      12.9893
    1658      13.3908
    1659      12.6958
    1660      13.0270
    1661      12.4494
    1662      13.1255
    1663      12.7569
    1664      13.0522
    1665      13.1565
    1666      13.0723
    1667      12.7676
    1668      13.6346
    1669      13.2381
    1670      13.2399
    1671      13.5615
    1672      14.9627
    1673      14.7214
    1674      14.2329
    1675      14.7562
    1676      15.5562
    1677      15.1522
    1678      15.0620
    1679      15.0229
    1680      14.6173
    1681      14.9909
    1682      15.0606
    1683      15.5597
    1684      15.7589
    1685      15.0058
    1686      14.9259
    1687      15.7474
    1688      16.3882
    1689      16.4740
    1690      16.4801
    1691      16.4627
    1692      15.9699
    1693      16.4904
    1694      16.3748
    1695      16.1881
    1696      16.8223
    1697      16.1963
    1698      15.3791
    1699      15.3065
    1700      15.7263
    1701      15.9627
    1702      15.5493
    1703      15.8002
    1704      15.3796
    1705      15.1838
    1706      13.8038
    1707      14.0859
    1708      14.4257
    1709      13.8660
    1710      14.0727
    1711      13.9299
    1712      13.5803
    1713      13.9383
    1714      13.7522
    1715      13.6150
    1716      13.2908
    1717      13.7487
    1718      13.8361
    1719      13.6974
    1720      14.4049
    1721      13.7736
    1722      14.1826
    1723      13.8843
    1724      13.6369
    1725      14.2277
    1726      13.6644
    1727      13.6198
    1728      13.2532
    1729      13.2086
    1730      12.6182
    1731      12.5782
    1732      12.5242
    1733      12.5919
    1734      12.0728
    1735      12.4021
    1736      12.3676
    1737      12.0121
    1738      12.0467
    1739      12.1379
    1740      12.3998
    1741      12.3715
    1742      11.9787
    1743      11.7658
    1744      11.5283
    1745      11.9956
    1746      12.0521
    1747      11.2058
    1748      11.2010
    1749      11.2212
    1750      11.2881
