#Frame     end-to-end
       1       6.2743
       2       6.1622
       3       6.3669
       4       6.3776
       5       6.2494
       6       6.1935
       7       6.4828
       8       6.4381
       9       6.2837
      10       6.1191
      11       6.6461
      12       6.5786
      13       6.3229
      14       6.2889
      15       6.1444
      16       6.4950
      17       6.2378
      18       6.3962
      19       6.6678
      20       6.7232
      21       7.4397
      22       6.7240
      23       6.8380
      24       6.9320
      25       6.2999
      26       6.2997
      27       6.4422
      28       6.4790
      29       6.7735
      30       6.3474
      31       6.3459
      32       6.7412
      33       6.6672
      34       6.6315
      35       6.5311
      36       6.4997
      37       6.6527
      38       6.6500
      39       6.6263
      40       8.1237
      41       7.7212
      42       7.8795
      43       7.5837
      44       8.0785
      45       8.1838
      46       8.1764
      47       7.9777
      48       7.9952
      49       8.1279
      50       8.3047
      51       8.4539
      52       8.8973
      53       8.6565
      54       9.3101
      55       8.9588
      56       8.8631
      57       9.0699
      58       8.1282
      59       8.0212
      60       7.7705
      61       7.8376
      62       7.5058
      63       7.9365
      64       8.0522
      65       9.2757
      66       8.7756
      67       9.4472
      68       8.9846
      69       9.5610
      70       8.8990
      71       9.7971
      72       9.6031
      73      10.0908
      74      10.4081
      75      10.4191
      76      10.3046
      77      10.9134
      78      10.9227
      79      10.3716
      80      10.1492
      81      10.2871
      82      10.5899
      83      11.1998
      84      11.0703
      85      10.7603
      86      10.8458
      87      10.5657
      88      10.4297
      89      10.6646
      90      11.3085
      91      11.9556
      92      12.1505
      93      11.5825
      94      11.3918
      95      11.4250
      96      11.2238
      97      12.1310
      98      13.1579
      99      13.0632
     100      12.8494
     101      12.7311
     102      12.8685
     103      13.2497
     104      13.7896
     105      13.6123
     106      14.0960
     107      14.9636
     108      15.0184
     109      14.3800
     110      14.4382
     111      14.1839
     112      14.4157
     113      13.2337
     114      13.5243
     115      13.9528
     116      14.0474
     117      14.5990
     118      15.0246
     119      15.0222
     120      15.2941
     121      14.9805
     122      14.5099
     123      14.4143
     124      14.4703
     125      14.5679
     126      14.4152
     127      15.3806
     128      16.3926
     129      16.8647
     130      16.9753
     131      17.0902
     132      17.2339
     133      18.6299
     134      18.9181
     135      18.5144
     136      19.0141
     137      18.9306
     138      18.5686
     139      18.6555
     140      17.3556
     141      17.1013
     142      16.7488
     143      17.3800
     144      18.4266
     145      17.9293
     146      17.2452
     147      16.0135
     148      16.2166
     149      16.3563
     150      16.3371
     151      16.6101
     152      17.2068
     153      16.7548
     154      16.1838
     155      16.3311
     156      15.7183
     157      15.6787
     158      15.8777
     159      15.6059
     160      15.0216
     161      14.8582
     162      14.5460
     163      14.7812
     164      14.3520
     165      15.0131
     166      13.6030
     167      13.0511
     168      13.3081
     169      13.3574
     170      12.3492
     171      12.1551
     172      12.3403
     173      12.2413
     174      12.5754
     175      12.1079
     176      11.6857
     177      11.9277
     178      11.2291
     179      10.9977
     180      11.8843
     181      11.6627
     182      11.5696
     183      11.8144
     184      11.7139
     185      11.1926
     186      11.0624
     187      11.6608
     188      10.8528
     189      10.3298
     190      10.0540
     191      10.2429
     192      10.0454
     193      10.2187
     194      10.4226
     195      10.0999
     196      10.5223
     197      10.9730
     198      11.1878
     199      11.6933
     200      13.3847
     201      12.7694
     202      13.2957
     203      12.5131
     204      12.5397
     205      12.8932
     206      12.8054
     207      12.9593
     208      12.8952
     209      13.2314
     210      12.6698
     211      13.5549
     212      12.9114
     213      12.3250
     214      12.0441
     215      11.8000
     216      12.1394
     217      12.7978
     218      11.9155
     219      11.5619
     220      10.9117
     221      11.2107
     222      11.5540
     223      11.7255
     224      10.0551
     225      10.2476
     226      10.1142
     227      10.0484
     228       9.6032
     229       9.9935
     230       9.7399
     231       9.4627
     232       9.8342
     233       9.2170
     234       9.4261
     235       9.4868
     236       9.2493
     237       9.9201
     238       9.8052
     239       9.6107
     240       9.7338
     241       9.3080
     242       9.2140
     243       9.1443
     244       9.4688
     245       9.2857
     246       9.5209
     247       9.7296
     248      10.5432
     249      10.5174
     250      11.1835
     251      11.3831
     252      11.3590
     253      12.2965
     254      12.9655
     255      13.0745
     256      13.4616
     257      14.1318
     258      15.2338
     259      15.6008
     260      15.4086
     261      14.4701
     262      13.3018
     263      13.6410
     264      14.0346
     265      14.5383
     266      15.4141
     267      16.0982
     268      15.2134
     269      15.1512
     270      16.2232
     271      16.3410
     272      15.2802
     273      15.8888
     274      17.4417
     275      18.0115
     276      17.3518
     277      17.8129
     278      18.5669
     279      19.8887
     280      18.7655
     281      19.4582
     282      19.9206
     283      19.0818
     284      20.0529
     285      20.4442
     286      20.3863
     287      19.3146
     288      19.0470
     289      18.4724
     290      18.2091
     291      17.4932
     292      17.4780
     293      16.8471
     294      17.0754
     295      16.1799
     296      16.7844
     297      16.4147
     298      16.3805
     299      16.0561
     300      16.9675
     301      17.3321
     302      17.1707
     303      18.6184
     304      18.2766
     305      17.9364
     306      18.6500
     307      19.1708
     308      18.9791
     309      19.8250
     310      21.5652
     311      23.5173
     312      22.5177
     313      21.8690
     314      21.8264
     315      21.7975
     316      22.3756
     317      23.4072
     318      22.3457
     319      22.7908
     320      22.4116
     321      22.5055
     322      21.0591
     323      21.2157
     324      21.0309
     325      20.5151
     326      20.8442
     327      20.5484
     328      19.9552
     329      20.1603
     330      20.5187
     331      19.5327
     332      20.9441
     333      21.2448
     334      22.7097
     335      24.2051
     336      23.8742
     337      24.3870
     338      25.0310
     339      24.9708
     340      25.6687
     341      26.7914
     342      27.4837
     343      27.9018
     344      27.7740
     345      29.1040
     346      29.0758
     347      27.5755
     348      27.8154
     349      26.3652
     350      25.2334
     351      25.8063
     352      25.0234
     353      25.2357
     354      26.1274
     355      26.4163
     356      28.0145
     357      26.9990
     358      27.3540
     359      28.0641
     360      29.2396
     361      29.9185
     362      31.0626
     363      30.8081
     364      30.6354
     365      30.0120
     366      30.3612
     367      30.9176
     368      31.5596
     369      31.9363
     370      33.0886
     371      34.2020
     372      34.7650
     373      34.3578
     374      35.1838
     375      35.2157
     376      34.9709
     377      34.4177
     378      35.0400
     379      34.3567
     380      34.0064
     381      33.6084
     382      34.1642
     383      32.4901
     384      31.7452
     385      31.7457
     386      31.7020
     387      31.7519
     388      31.6639
     389      31.9417
     390      30.8068
     391      30.4656
     392      31.5298
     393      31.1786
     394      29.3076
     395      29.3298
     396      28.5131
     397      27.9366
     398      27.1893
     399      26.0303
     400      25.9550
     401      26.1948
     402      26.9930
     403      26.6755
     404      24.8082
     405      24.6865
     406      24.0303
     407      23.3973
     408      24.4112
     409      24.2819
     410      24.2770
     411      24.7690
     412      24.6877
     413      24.2245
     414      23.9141
     415      23.6791
     416      24.2653
     417      22.7829
     418      23.2161
     419      24.4975
     420      24.3403
     421      25.4733
     422      26.4472
     423      26.1513
     424      27.0794
     425      27.4370
     426      27.3099
     427      27.8398
     428      27.2566
     429      27.2054
     430      27.1393
     431      28.5755
     432      29.3303
     433      29.0700
     434      28.5871
     435      29.1620
     436      29.3356
     437      30.4916
     438      30.5694
     439      31.3094
     440      31.1977
     441      32.6556
     442      33.4549
     443      33.7014
     444      34.0196
     445      34.7300
     446      35.1693
     447      35.0831
     448      35.1481
     449      34.9957
     450      35.1658
     451      35.0848
     452      35.1865
     453      34.9417
     454      34.6116
     455      32.9051
     456      32.7705
     457      32.9055
     458      31.8153
     459      32.3486
     460      32.4912
     461      32.9000
     462      33.4284
     463      30.1768
     464      30.0870
     465      29.9316
     466      29.1006
     467      28.8682
     468      28.6664
     469      28.8037
     470      30.4816
     471      30.3480
     472      31.5768
     473      32.4796
     474      30.6983
     475      29.9192
     476      30.4160
     477      31.3232
     478      30.0942
     479      31.6064
     480      32.9571
     481      32.6027
     482      32.4878
     483      31.8424
     484      32.6479
     485      33.0246
     486      34.5760
     487      34.1267
     488      33.6451
     489      34.0486
     490      35.1506
     491      35.1240
     492      35.1183
     493      34.9408
     494      35.0154
     495      34.8135
     496      35.1120
     497      35.0521
     498      34.9906
     499      34.5495
     500      35.0411
     501      35.1583
     502      35.0583
     503      35.1668
     504      34.9432
     505      33.9511
     506      33.1741
     507      33.0239
     508      31.5801
     509      31.2497
     510      30.0169
     511      28.9710
     512      29.2930
     513      29.6472
     514      28.5576
     515      28.6578
     516      28.5507
     517      28.6158
     518      28.2043
     519      26.4941
     520      26.3685
     521      26.2399
     522      25.8798
     523      25.6644
     524      25.2375
     525      25.2896
     526      25.9153
     527      24.4075
     528      24.8359
     529      25.3496
     530      25.5664
     531      24.4018
     532      23.9161
     533      24.0407
     534      24.0840
     535      23.1216
     536      23.1434
     537      22.7708
     538      22.1790
     539      21.6832
     540      21.3697
     541      21.8981
     542      22.0668
     543      22.2085
     544      21.8369
     545      22.3637
     546      22.4635
     547      23.0839
     548      23.2985
     549      22.8619
     550      23.0008
     551      23.2771
     552      22.8251
     553      22.5837
     554      22.2343
     555      22.0253
     556      21.4276
     557      21.2236
     558      21.1517
     559      21.0918
     560      20.6732
     561      21.0937
     562      20.3201
     563      19.1144
     564      19.0927
     565      19.2778
     566      18.5861
     567      18.9975
     568      19.0488
     569      19.8119
     570      20.1469
     571      20.3931
     572      20.2933
     573      20.2005
     574      20.0953
     575      20.3071
     576      19.5390
     577      19.3244
     578      18.7687
     579      18.5859
     580      18.9457
     581      18.9367
     582      17.8549
     583      17.5403
     584      16.9075
     585      17.2524
     586      16.9228
     587      16.9187
     588      16.9551
     589      16.8404
     590      17.1926
     591      17.3987
     592      17.2654
     593      17.4182
     594      17.8271
     595      17.5656
     596      18.2109
     597      17.7101
     598      17.5383
     599      18.0355
     600      16.8851
     601      15.4858
     602      15.9699
     603      15.1050
     604      14.9044
     605      14.9382
     606      14.8133
     607      15.5924
     608      14.7195
     609      15.1779
     610      15.8005
     611      16.0191
     612      15.5575
     613      15.2300
     614      16.2406
     615      15.0276
     616      14.5249
     617      15.3508
     618      14.3770
     619      14.8769
     620      14.7972
     621      14.9549
     622      14.3594
     623      14.8035
     624      14.8741
     625      14.3918
     626      14.1642
     627      14.6819
     628      14.3431
     629      14.3066
     630      14.6860
     631      14.4896
     632      14.6234
     633      14.0182
     634      14.2820
     635      13.9190
     636      13.4127
     637      14.1570
     638      15.4107
     639      15.2119
     640      16.3638
     641      16.8393
     642      16.3261
     643      15.9175
     644      16.0703
     645      16.6717
     646      16.7740
     647      17.3902
     648      18.4491
     649      18.6988
     650      19.0610
     651      18.5347
     652      18.3594
     653      19.0068
     654      18.8869
     655      19.8158
     656      19.8623
     657      20.5908
     658      21.5076
     659      21.2351
     660      21.9129
     661      23.7817
     662      24.0854
     663      25.0565
     664      24.0097
     665      23.9522
     666      24.8450
     667      24.4223
     668      23.0484
     669      22.4303
     670      22.9082
     671      24.2858
     672      24.7133
     673      23.4472
     674      24.1464
     675      26.1209
     676      26.6667
     677      26.7450
     678      26.8306
     679      26.7564
     680      27.4776
     681      27.1003
     682      27.2110
     683      26.8302
     684      27.6046
     685      27.8166
     686      27.2580
     687      27.3526
     688      28.4961
     689      31.1530
     690      30.4889
     691      31.1862
     692      30.8215
     693      32.1420
     694      30.8711
     695      31.2511
     696      29.7027
     697      29.5992
     698      29.2360
     699      29.6345
     700      29.4341
     701      29.5591
     702      29.4997
     703      30.0227
     704      28.3375
     705      28.9295
     706      27.8661
     707      28.0981
     708      27.6586
     709      28.1695
     710      27.0824
     711      26.6068
     712      26.0578
     713      26.5829
     714      26.3083
     715      26.7418
     716      26.3929
     717      26.0189
     718      25.9167
     719      26.3051
     720      25.8800
     721      26.9439
     722      27.1745
     723      27.2069
     724      27.7541
     725      27.4926
     726      27.7789
     727      28.4326
     728      28.7047
     729      28.8066
     730      29.6433
     731      30.5450
     732      30.6821
     733      29.5885
     734      29.2600
     735      29.4206
     736      29.0410
     737      28.6680
     738      29.5006
     739      29.8114
     740      29.4414
     741      31.1619
     742      32.5927
     743      33.9036
     744      34.5856
     745      34.9731
     746      35.1717
     747      34.8630
     748      34.3616
     749      33.3286
     750      32.9631
     751      32.5443
     752      32.4659
     753      32.1198
     754      31.8695
     755      32.5813
     756      32.6061
     757      33.4494
     758      34.6908
     759      35.1532
     760      34.8500
     761      34.9446
     762      34.5935
     763      35.0519
     764      33.3432
     765      33.3742
     766      33.5154
     767      32.3244
     768      31.9787
     769      32.3776
     770      32.6540
     771      32.5897
     772      32.1558
     773      31.8220
     774      31.3763
     775      32.1573
     776      31.3362
     777      31.0897
     778      30.1421
     779      31.1527
     780      33.2804
     781      30.9715
     782      31.1860
     783      31.3245
     784      30.9777
     785      31.1153
     786      29.8849
     787      29.9377
     788      30.1121
     789      29.7483
     790      30.2384
     791      29.6903
     792      30.7413
     793      30.5241
     794      30.9723
     795      31.5278
     796      32.4141
     797      33.3474
     798      34.7171
     799      35.1062
     800      35.0024
     801      34.0761
     802      35.0284
     803      35.1163
     804      34.7744
     805      34.9878
     806      34.9700
     807      35.1234
     808      35.0329
     809      33.9788
     810      33.1319
     811      34.0023
     812      34.6762
     813      34.2689
     814      34.9151
     815      35.3214
     816      35.0643
     817      34.9828
     818      33.2775
     819      33.5647
     820      33.9113
     821      33.4311
     822      33.0753
     823      33.6748
     824      33.4739
     825      32.1931
     826      31.3470
     827      30.6923
     828      30.5897
     829      31.9642
     830      32.5153
     831      32.3392
     832      33.4898
     833      32.4090
     834      32.8782
     835      34.1182
     836      33.2962
     837      32.8669
     838      33.4106
     839      32.5394
     840      31.8254
     841      31.4852
     842      31.1906
     843      31.0667
     844      30.9491
     845      29.2087
     846      28.8804
     847      28.8319
     848      28.1821
     849      27.0341
     850      25.7524
     851      25.3452
     852      25.0018
     853      25.0985
     854      24.4661
     855      24.4686
     856      25.4137
     857      24.2767
     858      24.4309
     859      24.4801
     860      24.4369
     861      24.6640
     862      24.6064
     863      24.3592
     864      24.5603
     865      25.7146
     866      24.9131
     867      25.9147
     868      25.2921
     869      25.5071
     870      25.4613
     871      25.3820
     872      25.8638
     873      25.1014
     874      25.2731
     875      23.7658
     876      23.6149
     877      23.6469
     878      23.7322
     879      23.9302
     880      23.8657
     881      23.5427
     882      23.2797
     883      23.2568
     884      23.5701
     885      23.1733
     886      23.1038
     887      22.5992
     888      21.6915
     889      22.1170
     890      22.2024
     891      22.1975
     892      23.0295
     893      22.1763
     894      22.0094
     895      22.0691
     896      22.2248
     897      22.5393
     898      22.9127
     899      23.1432
     900      22.4263
     901      22.4091
     902      21.9809
     903      22.0406
     904      21.9245
     905      20.9442
     906      20.8468
     907      20.5111
     908      20.9188
     909      20.8079
     910      21.0188
     911      20.9493
     912      20.5788
     913      20.2283
     914      20.4142
     915      20.3679
     916      20.2437
     917      20.3154
     918      20.3945
     919      20.9684
     920      20.4688
     921      20.2490
     922      20.4124
     923      19.8021
     924      19.0689
     925      19.1624
     926      19.2263
     927      19.3122
     928      18.5390
     929      18.8790
     930      19.5880
     931      19.3790
     932      19.3813
     933      19.1201
     934      19.6217
     935      19.4095
     936      19.2197
     937      19.4024
     938      20.9349
     939      20.6548
     940      20.9473
     941      21.4335
     942      20.6122
     943      21.3415
     944      20.7190
     945      20.6392
     946      20.8028
     947      20.6458
     948      21.0328
     949      20.8304
     950      21.5224
     951      20.5716
     952      21.6476
     953      22.3623
     954      22.5633
     955      22.8970
     956      24.3799
     957      24.2585
     958      24.3793
     959      23.6353
     960      23.3728
     961      22.4715
     962      22.9423
     963      23.3800
     964      24.1958
     965      24.6012
     966      23.7081
     967      24.3997
     968      25.4602
     969      26.2000
     970      26.2819
     971      26.7945
     972      27.2942
     973      28.1919
     974      26.8037
     975      27.7276
     976      28.5050
     977      27.7008
     978      28.8016
     979      28.6966
     980      28.5835
     981      29.3478
     982      28.8122
     983      29.9915
     984      28.9566
     985      27.8178
     986      27.1527
     987      28.0068
     988      28.0125
     989      27.3643
     990      26.7267
     991      27.0384
     992      26.8085
     993      27.1959
     994      26.8970
     995      27.0023
     996      27.2065
     997      26.1479
     998      25.4410
     999      26.0075
    1000      26.4109
    1001      26.1549
    1002      25.4173
    1003      25.3801
    1004      25.9630
    1005      25.9802
    1006      26.2375
    1007      26.3979
    1008      26.4079
    1009      26.3237
    1010      25.4446
    1011      25.3193
    1012      25.3170
    1013      25.7442
    1014      26.0454
    1015      26.9780
    1016      26.3377
    1017      26.7830
    1018      28.2776
    1019      28.5263
    1020      28.8751
    1021      28.8579
    1022      29.1927
    1023      29.5698
    1024      30.2397
    1025      30.0470
    1026      31.3165
    1027      30.7124
    1028      31.3517
    1029      31.3556
    1030      31.6798
    1031      31.3583
    1032      31.2827
    1033      29.2478
    1034      29.4696
    1035      29.1213
    1036      29.2550
    1037      29.8397
    1038      29.0867
    1039      29.3126
    1040      29.0331
    1041      29.5006
    1042      29.9788
    1043      30.2060
    1044      30.5330
    1045      29.8060
    1046      30.0468
    1047      30.8659
    1048      29.2614
    1049      28.6192
    1050      26.9535
    1051      26.8153
    1052      27.1449
    1053      26.4675
    1054      26.8269
    1055      25.8027
    1056      25.4999
    1057      24.9071
    1058      23.9911
    1059      24.0528
    1060      23.6233
    1061      23.7810
    1062      22.8474
    1063      22.9133
    1064      23.2299
    1065      22.7441
    1066      22.3645
    1067      22.1867
    1068      21.6772
    1069      21.7494
    1070      22.0120
    1071      22.0077
    1072      22.7479
    1073      22.1776
    1074      21.9203
    1075      20.6835
    1076      21.4413
    1077      21.2136
    1078      20.9020
    1079      20.8227
    1080      20.4752
    1081      19.8619
    1082      18.8179
    1083      18.0989
    1084      17.8905
    1085      17.8453
    1086      17.8027
    1087      17.1697
    1088      17.4134
    1089      17.3770
    1090      17.4948
    1091      17.1614
    1092      16.9937
    1093      16.7974
    1094      16.9233
    1095      17.7163
    1096      16.9275
    1097      16.7946
    1098      17.2205
    1099      16.8630
    1100      17.1689
    1101      17.1686
    1102      17.2995
    1103      17.6160
    1104      16.8741
    1105      17.2461
    1106      17.3339
    1107      17.2789
    1108      17.5668
    1109      17.1275
    1110      17.2647
    1111      17.5147
    1112      17.2036
    1113      17.4501
    1114      17.3550
    1115      17.2372
    1116      17.2489
    1117      17.0613
    1118      17.2820
    1119      17.5117
    1120      17.1805
    1121      16.9480
    1122      17.4487
    1123      17.4451
    1124      17.2325
    1125      17.2362
    1126      17.5737
    1127      17.6098
    1128      17.6628
    1129      17.5308
    1130      17.5395
    1131      17.6305
    1132      17.7811
    1133      19.1287
    1134      18.7044
    1135      19.0210
    1136      19.0395
    1137      19.0376
    1138      19.0319
    1139      18.9064
    1140      19.6354
    1141      19.1766
    1142      19.2433
    1143      18.8013
    1144      19.0322
    1145      19.1662
    1146      18.8620
    1147      18.9980
    1148      19.6453
    1149      19.4116
    1150      19.2961
    1151      19.8421
    1152      19.6023
    1153      19.2826
    1154      20.0308
    1155      20.0808
    1156      21.7384
    1157      21.4649
    1158      21.4624
    1159      21.1498
    1160      22.4139
    1161      22.3658
    1162      23.7149
    1163      22.9666
    1164      23.2784
    1165      24.1615
    1166      23.7596
    1167      23.1890
    1168      22.4562
    1169      23.0939
    1170      23.1540
    1171      23.7172
    1172      23.4671
    1173      22.1879
    1174      20.9860
    1175      20.3572
    1176      19.5087
    1177      19.4491
    1178      19.2056
    1179      18.6896
    1180      18.8285
    1181      18.5532
    1182      19.0941
    1183      19.1324
    1184      19.3721
    1185      19.0456
    1186      19.6148
    1187      19.5938
    1188      19.3483
    1189      19.6061
    1190      20.0447
    1191      18.9914
    1192      18.9000
    1193      18.4925
    1194      18.7934
    1195      17.4546
    1196      16.2270
    1197      16.2404
    1198      16.1871
    1199      16.3348
    1200      15.9670
    1201      15.8298
    1202      15.9268
    1203      15.7705
    1204      15.8829
    1205      15.5880
    1206      16.2606
    1207      15.6189
    1208      15.5601
    1209      15.8129
    1210      15.3423
    1211      14.8010
    1212      14.9033
    1213      14.8358
    1214      15.1174
    1215      14.6173
    1216      14.5462
    1217      14.6425
    1218      14.5320
    1219      14.1756
    1220      14.1227
    1221      14.4684
    1222      14.4518
    1223      14.7114
    1224      14.4141
    1225      14.5448
    1226      14.4110
    1227      14.5432
    1228      15.1999
    1229      15.1705
    1230      14.6667
    1231      14.8682
    1232      14.7736
    1233      14.6975
    1234      14.1760
    1235      14.3646
    1236      14.6745
    1237      14.3089
    1238      14.4365
    1239      14.3836
    1240      14.1624
    1241      14.2594
    1242      14.5425
    1243      14.6515
    1244      14.7522
    1245      14.6531
    1246      14.5055
    1247      14.4050
    1248      14.3980
    1249      14.6183
    1250      14.3513
    1251      14.4947
    1252      15.3044
    1253      14.2508
    1254      14.2525
    1255      14.3569
    1256      14.7944
    1257      14.6993
    1258      13.7135
    1259      13.9938
    1260      13.0049
    1261      13.2728
    1262      12.8360
    1263      12.5883
    1264      12.2979
    1265      11.6133
    1266      12.1040
    1267      12.6479
    1268      12.1301
    1269      11.9683
    1270      12.2971
    1271      12.2720
    1272      12.0058
    1273      12.3690
    1274      12.1393
    1275      12.3963
    1276      11.8364
    1277      11.5828
    1278      11.3479
    1279      11.2560
    1280      11.2863
    1281      11.2323
    1282      11.3334
    1283      11.3464
    1284      11.4508
    1285      11.2529
    1286      11.4354
    1287      11.4016
    1288      11.1930
    1289      11.4561
    1290      11.1009
    1291      11.6595
    1292      11.6847
    1293      11.4428
    1294      11.5116
    1295      11.2150
    1296      11.2636
    1297      11.5890
    1298      11.1680
    1299      11.4191
    1300      11.3078
    1301      11.5488
    1302      11.7766
    1303      11.6529
    1304      11.2507
    1305      11.6023
    1306      11.3352
    1307      11.4419
    1308      11.6706
    1309      11.5323
    1310      11.7254
    1311      11.5867
    1312      11.5029
    1313      11.5254
    1314      11.2529
    1315      11.5629
    1316      11.3707
    1317      11.5587
    1318      11.7015
    1319      11.0999
    1320      11.4649
    1321      12.6264
    1322      12.9066
    1323      12.9508
    1324      12.9615
    1325      12.9777
    1326      13.7866
    1327      14.2663
    1328      13.9675
    1329      14.0536
    1330      13.6402
    1331      13.1777
    1332      13.4496
    1333      13.5363
    1334      12.9610
    1335      12.8015
    1336      13.1002
    1337      12.9661
    1338      12.7579
    1339      12.7192
    1340      13.4392
    1341      13.7036
    1342      13.2280
    1343      13.8306
    1344      13.1002
    1345      13.5284
    1346      13.8573
    1347      14.1189
    1348      15.1506
    1349      15.0145
    1350      15.9718
    1351      15.6106
    1352      15.7526
    1353      15.8159
    1354      15.9945
    1355      15.8454
    1356      16.2320
    1357      15.5729
    1358      15.5372
    1359      15.9439
    1360      15.9706
    1361      15.4679
    1362      15.7039
    1363      15.6440
    1364      15.0686
    1365      15.4919
    1366      15.4607
    1367      15.1878
    1368      14.2742
    1369      14.5267
    1370      14.5401
    1371      14.4193
    1372      14.2140
    1373      14.0643
    1374      13.9710
    1375      13.2767
    1376      13.8430
    1377      13.4965
    1378      13.7883
    1379      13.5372
    1380      14.3025
    1381      13.6759
    1382      13.3530
    1383      14.2326
    1384      15.3309
    1385      15.4028
    1386      16.1035
    1387      15.4467
    1388      15.1405
    1389      16.0365
    1390      15.8210
    1391      16.5281
    1392      15.8934
    1393      16.1678
    1394      16.9249
    1395      17.3603
    1396      17.1859
    1397      18.6054
    1398      18.7439
    1399      18.8295
    1400      19.2540
    1401      19.3208
    1402      19.2527
    1403      19.7394
    1404      19.9689
    1405      20.2704
    1406      20.5708
    1407      20.1471
    1408      21.1065
    1409      21.5728
    1410      21.9481
    1411      22.0384
    1412      22.1378
    1413      21.5040
    1414      22.6244
    1415      21.2656
    1416      21.1340
    1417      20.7847
    1418      21.0249
    1419      22.1266
    1420      21.8233
    1421      23.8060
    1422      23.8179
    1423      24.2499
    1424      25.4686
    1425      25.1380
    1426      24.5197
    1427      23.4077
    1428      24.0539
    1429      23.0042
    1430      22.6915
    1431      21.7968
    1432      20.8001
    1433      19.9671
    1434      19.5401
    1435      18.9766
    1436      18.6506
    1437      18.9107
    1438      19.2753
    1439      19.4939
    1440      20.7251
    1441      20.9918
    1442      20.3291
    1443      20.4130
    1444      19.2878
    1445      20.1256
    1446      21.4755
    1447      21.1620
    1448      21.9064
    1449      21.8221
    1450      22.5239
    1451      21.4813
    1452      20.6703
    1453      19.9360
    1454      18.6670
    1455      19.3295
    1456      18.5414
    1457      17.8217
    1458      17.7804
    1459      17.8445
    1460      17.7452
    1461      17.5564
    1462      18.1537
    1463      18.0849
    1464      16.7508
    1465      16.4528
    1466      16.6593
    1467      16.9294
    1468      18.0661
    1469      17.2198
    1470      17.0138
    1471      17.0868
    1472      17.9794
    1473      20.4517
    1474      21.4528
    1475      21.9926
    1476      23.0218
    1477      23.1909
    1478      23.4509
    1479      24.3134
    1480      24.8128
    1481      25.7097
    1482      25.7840
    1483      25.3890
    1484      24.6242
    1485      25.0274
    1486      23.9283
    1487      24.7622
    1488      24.4462
    1489      24.5574
    1490      23.5610
    1491      24.2449
    1492      23.6609
    1493      23.3404
    1494      23.9416
    1495      23.6380
    1496      24.1256
    1497      23.0929
    1498      22.3051
    1499      23.0840
    1500      23.3933
    1501      22.3278
    1502      22.5652
    1503      23.1492
    1504      22.5419
    1505      21.4726
    1506      20.9406
    1507      20.3029
    1508      20.3772
    1509      19.8578
    1510      20.1973
    1511      19.4804
    1512      19.5238
    1513      19.2417
    1514      17.9382
    1515      17.4810
    1516      17.5908
    1517      17.9231
    1518      18.2011
    1519      18.4418
    1520      18.2880
    1521      17.1048
    1522      17.7091
    1523      18.3720
    1524      17.7149
    1525      17.1004
    1526      17.7159
    1527      18.0249
    1528      19.5475
    1529      18.6862
    1530      18.5075
    1531      18.7977
    1532      20.0230
    1533      20.6933
    1534      20.5534
    1535      21.3471
    1536      21.1902
    1537      21.6073
    1538      20.3848
    1539      19.7791
    1540      20.1781
    1541      19.8779
    1542      20.0115
    1543      21.9754
    1544      22.1350
    1545      21.9394
    1546      23.0930
    1547      25.0891
    1548      25.8821
    1549      25.8561
    1550      26.6273
    1551      26.7428
    1552      28.2894
    1553      28.8144
    1554      29.1059
    1555      29.5947
    1556      29.9728
    1557      30.9109
    1558      31.1202
    1559      30.3327
    1560      29.6745
    1561      29.4413
    1562      29.1190
    1563      28.6054
    1564      28.7013
    1565      28.0183
    1566      28.3613
    1567      29.7205
    1568      29.4594
    1569      29.9152
    1570      30.6348
    1571      30.6450
    1572      30.6417
    1573      32.1149
    1574      33.0401
    1575      33.1851
    1576      33.0211
    1577      33.2550
    1578      33.1389
    1579      32.9964
    1580      32.5283
    1581      32.7765
    1582      32.1599
    1583      33.0784
    1584      33.8642
    1585      35.1344
    1586      35.0297
    1587      35.3360
    1588      35.3291
    1589      34.9997
    1590      34.9338
    1591      35.2234
    1592      35.2638
    1593      35.1254
    1594      35.1464
    1595      35.1324
    1596      35.0125
    1597      35.1391
    1598      35.3320
    1599      35.0002
    1600      35.2432
    1601      35.1087
    1602      35.2803
    1603      35.0806
    1604      35.2092
    1605      35.1728
    1606      35.1870
    1607      35.0693
    1608      35.0871
    1609      35.1116
    1610      35.3029
    1611      35.0885
    1612      35.1164
    1613      34.9656
    1614      33.1873
    1615      32.7647
    1616      31.0393
    1617      32.8625
    1618      32.0595
    1619      32.3082
    1620      31.4807
    1621      31.1289
    1622      28.7250
    1623      28.3553
    1624      28.6618
    1625      27.8145
    1626      26.9467
    1627      27.6418
    1628      27.3330
    1629      27.3903
    1630      27.2533
    1631      27.9422
    1632      27.3785
    1633      28.7471
    1634      28.2009
    1635      28.0700
    1636      26.9975
    1637      26.7867
    1638      27.9943
    1639      26.6285
    1640      26.3738
    1641      26.2341
    1642      24.6509
    1643      24.6509
    1644      24.7800
    1645      25.0972
    1646      25.8294
    1647      25.3096
    1648      25.2889
    1649      25.5541
    1650      25.7434
    1651      24.7874
    1652      25.6590
    1653      25.4841
    1654      25.0021
    1655      23.8849
    1656      22.9142
    1657      23.1058
    1658      23.3269
    1659      23.4855
    1660      23.6427
    1661      22.7803
    1662      23.1081
    1663      22.8356
    1664      24.1233
    1665      23.7061
    1666      23.4881
    1667      24.0757
    1668      24.7098
    1669      24.8197
    1670      25.6392
    1671      25.0930
    1672      26.4346
    1673      26.6003
    1674      27.0121
    1675      27.4698
    1676      27.4233
    1677      27.8730
    1678      28.5535
    1679      28.1201
    1680      28.4539
    1681      29.2180
    1682      29.9436
    1683      29.2223
    1684      29.5523
    1685      30.2135
    1686      30.9673
    1687      30.9325
    1688      31.1219
    1689      31.6618
    1690      30.0615
    1691      29.3993
    1692      28.5933
    1693      29.5406
    1694      30.5090
    1695      30.6742
    1696      31.1068
    1697      32.6224
    1698      33.1176
    1699      32.9088
    1700      31.5797
    1701      32.9336
    1702      32.8145
    1703      33.1439
    1704      33.7721
    1705      33.5726
    1706      33.8459
    1707      33.9639
    1708      33.2563
    1709      33.4402
    1710      33.8138
    1711      33.2236
    1712      32.9868
    1713      31.9662
    1714      30.5362
    1715      30.9599
    1716      31.1178
    1717      29.8845
    1718      29.2476
    1719      28.3596
    1720      28.4672
    1721      26.5993
    1722      27.2082
    1723      26.2053
    1724      26.2881
    1725      25.8351
    1726      25.8737
    1727      26.6533
    1728      26.3594
    1729      27.5933
    1730      26.6491
    1731      27.0993
    1732      27.5493
    1733      27.9342
    1734      27.8996
    1735      27.9484
    1736      28.8554
    1737      28.6648
    1738      28.4905
    1739      28.9377
    1740      30.0394
    1741      29.9907
    1742      29.9805
    1743      29.5902
    1744      29.5752
    1745      29.3390
    1746      29.8599
    1747      29.5856
    1748      30.2528
    1749      30.8200
    1750      33.3115
