 0             -27.5098     
 1             -47.4122     
 2             -44.1388     
 3             -42.8623     
 4             -51.1938     
 5             -17.0012     
 6             -35.9819     
 7             -53.8166     
 8             -50.7252     
 9             -52.9982     
 10            -45.1926     
 11            -45.9186     
 12            -44.3665     
 13            -53.275      
 14            -50.9658     
 15            -50.6631     
 16            -52.5918     
 17            -50.6564     
 18            -49.3529     
 19            -52.1119     
 20            -53.989      
 21            -41.6252     
 22            -36.8977     
 23            -13.4625     
 24            -30.5531     
 25            -46.5049     
 26            -52.6333     
 27            -56.3773     
 28            -42.1101     
 29            -44.3131     
 30            -23.683      
 31            -40.9028     
 32            -52.8734     
 33            -34.0886     
 34            -41.3374     
 35            -38.424      
 36            -40.2917     
 37            -33.0861     
 38            -47.0409     
 39            -45.0235     
 40            -28.5094     
 41            -37.1593     
 42            -49.4597     
 43            -44.8202     
 44            -43.9643     
 45            -40.9782     
 46            -49.0004     
 47            -52.6334     
 48            -49.3152     
 49            -43.4874     
 50            -44.1068     
 51            -49.4854     
 52            -43.4282     
 53            -50.4353     
 54            -27.7433     
 55            -46.5272     
 56            -47.302      
 57            -45.7788     
 58            -36.9307     
 59            -48.2004     
 60            -50.5926     
 61            -32.5001     
 62            -33.892      
 63            -33.7323     
 64            -46.068      
 65            -52.8947     
 66            -47.2603     
 67            -53.2183     
 68            -42.1561     
 69            -25.9789     
 70            -27.3149     
 71            -24.4758     
 72            +10.1298     
 73            +12.6991     
 74            +4.4328      
 75            +5.144       
 76            +2.9195      
 77            -2.5927      
 78            -5.3796      
 79            -6.692       
 80            +0.1739      
 81            -0.4273      
 82            +5.1395      
 83            +7.1883      
 84            +8.7928      
 85            +3.3302      
 86            +12.3023     
 87            +6.4544      
 88            +9.2623      
 89            +12.9528     
 90            +12.6509     
 91            +15.5457     
 92            +2.3513      
 93            +4.1631      
 94            +6.9497      
 95            +10.5075     
 96            +4.1399      
 97            +16.243      
 98            +4.3699      
 99            +5.5902      
 100           +7.7206      
 101           +6.033       
 102           +6.8655      
 103           +13.4322     
 104           +2.1331      
 105           +6.5461      
 106           +12.5544     
 107           +10.707      
 108           +4.321       
 109           +7.9836      
 110           +17.9202     
 111           +21.1622     
 112           +10.0275     
 113           +22.0328     
 114           +10.5142     
 115           +4.4617      
 116           +6.9886      
 117           -13.3669     
 118           -0.0708      
 119           +0.8631      
 120           -2.6074      
 121           -0.3824      
 122           +1.3585      
 123           +1.8874      
 124           +2.3428      
 125           +2.7568      
 126           +1.7221      
 127           +2.2261      
 128           -0.7725      
 129           +1.6524      
 130           +1.1063      
 131           +3.5445      
 132           +0.9282      
 133           -0.1891      
 134           -0.0145      
 135           +2.3845      
 136           +0.7335      
 137           -5.6354      
 138           -0.521       
 139           +2.0526      
 140           +1.1697      
 141           -1.1971      
 142           +2.1377      
 143           -1.7809      
 144           -2.018       
 145           +6.7281      
 146           +7.6799      
 147           +7.3486      
 148           +1.7823      
 149           +3.7871      
 150           +1.9998      
 151           +1.8764      
 152           +0.8396      
 153           -1.217       
 154           -2.6192      
 155           -1.6644      
 156           -2.156       
 157           -1.595       
 158           -2.2461      
 159           -1.8841      
 160           -0.6689      
 161           -0.822       
 162           +0.3404      
 163           -0.328       
 164           -0.2033      
 165           +0.6953      
 166           +0.3022      
 167           -0.8156      
 168           -0.6989      
 169           -0.9067      
 170           -0.1591      
 171           +0.134       
 172           +0.0981      
 173           +0.2956      
 174           +0.0384      
 175           +0.016       
 176           +0.0043      
 177           +0           
 178           +0           
 179           +0           
 180           +0           
 181           +0.0074      
 182           +0.0042      
 183           -0.0445      
 184           +0.0404      
 185           +0.0029      
 186           +0.083       
 187           +0.2592      
 188           +0.3317      
 189           +0.1952      
 190           +0.3118      
 191           +0.4913      
 192           -0.4162      
 193           +0.4709      
 194           +0.1807      
 195           +0.1856      
 196           +0.2194      
 197           +0.1872      
 198           +0.2901      
 199           +0.0744      
 200           +0.0427      
 201           -0.3983      
 202           -0.3509      
 203           -0.1982      
 204           -0.3178      
 205           -0.4619      
 206           -0.0936      
 207           -0.1786      
 208           -0.7343      
 209           -0.8603      
 210           -0.977       
 211           -0.3136      
 212           -0.0948      
 213           -0.0105      
 214           -0.2379      
 215           -0.5741      
 216           -0.976       
 217           -1.0743      
 218           -1.3131      
 219           -1.084       
 220           -1.1121      
 221           +0.1883      
 222           -0.3166      
 223           -1.0328      
 224           -1.6061      
 225           -0.0165      
 226           -0.3046      
 227           -0.0757      
 228           -0.2579      
 229           -0.8501      
 230           -0.2682      
 231           -0.6584      
 232           -0.5236      
 233           -0.2895      
 234           -0.1848      
 235           -0.14        
 236           -0.0863      
 237           -0.157       
 238           +0.0195      
 239           -0.2341      
 240           -0.1186      
 241           -0.0999      
 242           +0.0201      
 243           +0.0522      
 244           -0.0416      
 245           +0.0453      
 246           +0.1607      
 247           +0.0991      
 248           +0.0021      
 249           +0.0337      
 250           +0.0059      
 251           +0.0054      
 252           +0.0579      
 253           +0.0396      
 254           +0.0182      
 255           +0.0016      
 256           +0           
 257           +0.0004      
 258           -0.0903      
 259           -0.1139      
 260           -0.0427      
 261           -0.0298      
 262           -0.0452      
 263           -0.1441      
 264           -0.3494      
 265           +0.2197      
 266           -0.0927      
 267           -0.1273      
 268           +0.3714      
 269           -0.1494      
 270           -0.6991      
 271           -0.2172      
 272           -0.0976      
 273           +0.7535      
 274           -0.7064      
 275           +0.9308      
 276           +3.1041      
 277           +1.8427      
 278           +4.3988      
 279           +3.6117      
 280           +3.332       
 281           +5.3827      
 282           +4.7647      
 283           +3.5614      
 284           +3.3599      
 285           -0.0794      
 286           +4.8227      
 287           +1.1811      
 288           +0.2194      
 289           +4.1623      
 290           +0.8501      
 291           +1.9877      
 292           +2.1689      
 293           +5.7858      
 294           +6.1375      
 295           +4.5462      
 296           +7.5051      
 297           +13.8694     
 298           +13.8681     
 299           +11.94       
 300           +9.3036      
 301           +9.8356      
 302           +4.3114      
 303           +2.5427      
 304           +4.6158      
 305           +4.1539      
 306           +4.1475      
 307           +2.0038      
 308           +0.4443      
 309           +1.7402      
 310           +2.3262      
 311           +5.4093      
 312           +2.2655      
 313           +1.781       
 314           +0.4         
 315           +0.1818      
 316           +0.1117      
 317           +0.0676      
 318           +0.0554      
 319           +0.1491      
 320           +0.1109      
 321           +0.1312      
 322           +0.0265      
 323           +1.4007      
 324           +2.2082      
 325           +1.7178      
 326           +4.1577      
 327           +6.9012      
 328           +5.6489      
 329           +0.9855      
 330           +0.5989      
 331           +0.2165      
 332           +1.4528      
 333           -0.3814      
 334           -0.9275      
 335           -0.7712      
 336           +0.8185      
 337           +1.5796      
 338           +4.0498      
 339           +3.6837      
 340           +1.5971      
 341           +2.8702      
 342           +1.5491      
 343           +2.3924      
 344           +5.8395      
 345           +2.2559      
 346           +4.8025      
 347           +5.6435      
 348           +3.2053      
 349           +6.2676      
 350           +4.4733      
 351           +7.4139      
 352           +3.0474      
 353           +0.4452      
 354           +2.9552      
 355           +1.752       
 356           +6.2879      
 357           +0.5508      
 358           -6.3594      
 359           -2.0666      
 360           +1.1516      
 361           -1.1781      
 362           -4.7549      
 363           -4.7423      
 364           -9.2419      
 365           -8.1834      
 366           -9.4814      
 367           -8.6541      
 368           -11.3661     
 369           -2.7677      
 370           -8.9292      
 371           -6.9726      
 372           +2.3695      
 373           +6.672       
 374           +9.9842      
 375           +16.6868     
 376           +13.2121     
 377           +6.0405      
 378           +3.4087      
 379           -9.2714      
 380           +1.5436      
 381           -10.6585     
 382           -2.3041      
 383           -1.7327      
 384           -6.3127      
 385           -1.7926      
 386           +0.4292      
 387           +7.4617      
 388           +3.5572      
 389           +4.5538      
 390           +2.9554      
 391           -1.5749      
 392           -1.3672      
 393           +6.1265      
 394           -0.4381      
 395           +4.5917      
 396           +4.3892      
 397           +6.8621      
 398           +8.4654      
 399           +2.7096      
 400           +0.3929      
 401           +3.0944      
 402           +2.3978      
 403           +4.3437      
 404           +3.7646      
 405           +1.2341      
 406           +0.4542      
 407           -2.7779      
 408           +1.7123      
 409           +0.6291      
 410           +0.6526      
 411           +0.1263      
 412           +1.8901      
 413           +3.4437      
 414           -0.5644      
 415           -1.929       
 416           -2.1329      
 417           +0.8588      
 418           +2.3481      
 419           +5.7698      
 420           +1.7739      
 421           +3.3565      
 422           +0.1206      
 423           +0.2299      
 424           +3.0112      
 425           -4.4645      
 426           -2.5897      
 427           -14.5181     
 428           -10.4992     
 429           -12.2577     
 430           -15.5327     
 431           -9.3539      
 432           -16.5232     
 433           -6.9745      
 434           -5.8969      
 435           -2.2389      
 436           -6.9648      
 437           -6.1374      
 438           -8.2721      
 439           -12.5721     
 440           -8.1623      
 441           -8.0953      
 442           -7.9879      
 443           -3.8342      
 444           -4.7935      
 445           -8.3858      
 446           -22.1793     
 447           -8.5604      
 448           -22.3433     
 449           -13.7404     
 450           -9.8827      
 451           -7.7156      
 452           +3.8743      
 453           -6.4869      
 454           -14.4254     
 455           -9.998       
 456           -8.6431      
 457           -9.7303      
 458           -5.0879      
 459           -3.6647      
 460           -5.2968      
 461           -4.6066      
 462           -5.979       
 463           -13.8846     
 464           -11.4793     
 465           -20.2742     
 466           -12.7781     
 467           -13.5726     
 468           -18.4786     
 469           -11.0415     
 470           -25.6668     
 471           -12.5922     
 472           -18.977      
 473           -12.9785     
 474           -20.7335     
 475           -20.791      
 476           -20.5854     
 477           -13.0084     
 478           -19.9329     
 479           -14.6554     
 480           -16.1403     
 481           -7.4175      
 482           -17.0062     
 483           -16.5007     
 484           -22.0409     
 485           -22.3852     
 486           -17.7817     
 487           -21.1987     
 488           -11.241      
 489           -18.5572     
 490           -11.8191     
 491           -7.2609      
 492           -16.6133     
 493           -15.0658     
 494           -19.6632     
 495           -20.4275     
 496           -25.4409     
 497           -23.8836     
 498           -26.4859     
 499           -31.4847     
 500           -18.4116     
 501           -26.9673     
 502           -27.1524     
 503           -24.1803     
 504           -23.0127     
 505           -24.2937     
 506           -19.6996     
 507           -26.9092     
 508           -18.9139     
 509           -18.8228     
 510           -25.3507     
 511           -19.1931     
 512           -22.9936     
 513           -25.0692     
 514           -29.7419     
 515           -21.2364     
 516           -21.6178     
 517           -18.8653     
 518           -24.1775     
 519           -18.319      
 520           -25.0115     
 521           -24.2437     
 522           -15.0631     
 523           -18.2023     
 524           -19.2355     
 525           -18.3347     
 526           -10.2833     
 527           -14.8119     
 528           -18.3864     
 529           -16.8414     
 530           -10.3735     
 531           -11.3728     
 532           -15.031      
 533           -17.7783     
 534           -13.4338     
 535           -16.7574     
 536           -12.3361     
 537           -13.2879     
 538           -8.311       
 539           -19.5791     
 540           -11.453      
 541           -16.4065     
 542           -14.1167     
 543           -14.6239     
 544           -13.6678     
 545           -12.5699     
 546           -13.6079     
 547           -25.7672     
 548           -22.4761     
 549           -21.9757     
 550           -21.9034     
 551           -19.3487     
 552           -12.8655     
 553           -16.4672     
 554           -20.6839     
 555           -18.3641     
 556           -18.3832     
 557           -18.2206     
 558           -14.8683     
 559           -16.5933     
 560           -18.81       
 561           -25.0816     
 562           -22.6324     
 563           -20.1266     
 564           -21.2789     
 565           -22.0835     
 566           -16.0111     
 567           -24.235      
 568           -22.4615     
 569           -24.9128     
 570           -18.0116     
 571           -21.1037     
 572           -21.5206     
 573           -18.22       
 574           -20.3609     
 575           -21.3581     
 576           -20.6326     
 577           -12.3814     
 578           -13.6288     
 579           -22.2989     
 580           -20.9713     
 581           -16.973      
 582           -26.2342     
 583           -22.4327     
 584           -18.1819     
 585           -21.8587     
 586           -24.4965     
 587           -18.7995     
 588           -19.1857     
 589           -16.0009     
 590           -13.3483     
 591           -20.0099     
 592           -18.0996     
 593           -14.1831     
 594           -11.2216     
 595           -12.3991     
 596           -20.2569     
 597           -20.0181     
 598           -22.0169     
 599           -22.6499     
 600           -22.043      
 601           -30.38       
 602           -24.5725     
 603           -24.6515     
 604           -22.5464     
 605           -9.1089      
 606           -10.5793     
 607           -10.5347     
 608           -17.1345     
 609           -8.774       
 610           -12.9206     
 611           -4.734       
 612           -8.317       
 613           +1.4495      
 614           +0.8507      
 615           +2.2185      
 616           +2.367       
 617           +4.1986      
 618           -6.4491      
 619           -4.3998      
 620           -1.1863      
 621           -7.4325      
 622           +1.4236      
 623           -1.0347      
 624           +2.4495      
 625           +1.9745      
 626           +3.9701      
 627           +2.4078      
 628           +7.0863      
 629           +12.554      
 630           +11.0405     
 631           +13.9595     
 632           +10.0139     
 633           +11.9329     
 634           +11.4898     
 635           +5.07        
 636           -5.2487      
 637           +1.2308      
 638           +0.517       
 639           -1.8127      
 640           +0.8607      
 641           +9.6134      
 642           -0.1192      
 643           +5.5567      
 644           +5.8234      
 645           +6.0564      
 646           -6.35        
 647           +2.7406      
 648           +1.822       
 649           -2.185       
 650           +4.6939      
 651           +3.9765      
 652           -3.2898      
 653           -2.7288      
 654           -7.5629      
 655           -3.9136      
 656           -2.9347      
 657           -5.5315      
 658           -7.911       
 659           -8.1362      
 660           -6.7727      
 661           -12.1355     
 662           -5.7913      
 663           -1.5972      
 664           +0.0905      
 665           -11.1544     
 666           -6.5818      
 667           -7.9247      
 668           -7.519       
 669           -7.4005      
 670           -5.2028      
 671           -12.27       
 672           -17.4829     
 673           -5.8029      
 674           -7.4882      
 675           -2.4723      
 676           -5.8559      
 677           -9.1588      
 678           -20.9032     
 679           -13.9155     
 680           -6.1496      
 681           -14.7541     
 682           -5.0304      
 683           -9.4451      
 684           -8.8125      
 685           -5.0291      
 686           +6.6951      
 687           -3.216       
 688           +4.8682      
 689           -2.119       
 690           -4.0676      
 691           +2.7917      
 692           +6.3853      
 693           +2.8539      
 694           +6.1076      
 695           -0.3149      
 696           +0.4239      
 697           +0.0117      
 698           +1.1702      
 699           +5.8195      
 700           +2.2441      
 701           -1.4495      
 702           -0.1967      
 703           -6.275       
 704           -3.5261      
 705           -0.526       
 706           -4.1007      
 707           +1.8358      
 708           +2.662       
 709           -1.8647      
 710           +6.1715      
 711           +1.0531      
 712           -0.9798      
 713           +1.5106      
 714           -0.4732      
 715           +3.5938      
 716           +5.0111      
 717           -0.9957      
 718           -1.9737      
 719           +1.7843      
 720           +9.5946      
 721           +8.6274      
 722           +5.5756      
 723           +2.0961      
 724           +2.2825      
 725           +1.338       
 726           +1.828       
 727           +7.1578      
 728           +5.8547      
 729           +9.5274      
 730           +7.3765      
 731           +9.6702      
 732           +7.8191      
 733           +5.8041      
 734           +7.9659      
 735           +8.7538      
 736           +7.1249      
 737           +3.3796      
 738           +5.1704      
 739           +0.9668      
 740           +2.5759      
 741           +3.5676      
 742           -1.0174      
 743           -0.3468      
 744           +2.5036      
 745           -3.1167      
 746           -6.0882      
 747           -2.1341      
 748           -8.1997      
 749           -3.3798      
 750           -11.8685     
 751           -14.5256     
 752           -9.3473      
 753           -9.3         
 754           -11.5212     
 755           -8.3341      
 756           -6.3727      
 757           -6.4953      
 758           -9.6278      
 759           -7.6445      
 760           -5.9547      
 761           -6.6776      
 762           -4.1775      
 763           -7.6458      
 764           -7.79        
 765           -5.2462      
 766           -6.6289      
 767           -5.8632      
 768           -5.5033      
 769           -7.1169      
 770           -12.3386     
 771           -6.6131      
 772           -8.921       
 773           -6.5001      
 774           -7.3849      
 775           -9.0382      
 776           -9.6517      
 777           -8.4407      
 778           -9.5821      
 779           -9.6006      
 780           -9.3816      
 781           -8.6672      
 782           -8.6791      
 783           -4.5244      
 784           -5.647       
 785           -4.3788      
 786           -4.3395      
 787           -5.2723      
 788           -6.3531      
 789           -6.4905      
 790           -4.4205      
 791           -5.5698      
 792           -3.8573      
 793           -4.1162      
 794           -3.4205      
 795           -2.2168      
 796           -1.4334      
 797           +0.7021      
 798           -0.2318      
 799           +1.5278      
 800           -0.6548      
 801           -0.5477      
 802           -0.0517      
 803           -0.5475      
 804           -0.4738      
 805           -0.5741      
 806           +0.1283      
 807           +0.1708      
 808           -0.0084      
 809           +0.2496      
 810           +0.1929      
 811           +0.0226      
 812           +0.4174      
 813           -0.0355      
 814           -0.0912      
 815           -0.0708      
 816           -0.0635      
 817           -0.0894      
 818           -0.177       
 819           -0.1566      
 820           -0.1415      
 821           -0.3323      
 822           -0.0281      
 823           -0.3185      
 824           -0.8471      
 825           -0.6677      
 826           -1.0993      
 827           -0.425       
 828           -1.5183      
 829           -0.2994      
 830           -0.6201      
 831           -0.605       
 832           -0.5217      
 833           -1.1969      
 834           -1.5218      
 835           -2.2505      
 836           -2.1741      
 837           -0.7001      
 838           -2.9729      
 839           +0.8158      
 840           -6.9613      
 841           -8.2751      
 842           -5.7329      
 843           -6.8427      
 844           -6.2229      
 845           -3.3004      
 846           -2.9825      
 847           -2.8243      
 848           -4.6064      
 849           -6.6953      
 850           -8.2012      
 851           -9.8613      
 852           -10.0632     
 853           -6.0562      
 854           -8.5459      
 855           -9.4911      
 856           -5.0381      
 857           -5.6773      
 858           -4.4923      
 859           -4.682       
 860           -4.768       
 861           -4.8306      
 862           -2.905       
 863           -2.5621      
 864           -2.6527      
 865           -4.0038      
 866           -1.2796      
 867           -0.3366      
 868           -3.2631      
 869           -2.4045      
 870           -9.868       
 871           -8.374       
 872           -3.389       
 873           -5.9854      
 874           -3.0912      
 875           -3.397       
 876           -3.259       
 877           -5.4865      
 878           -5.0525      
 879           -9.4404      
 880           -8.3398      
 881           -4.2007      
 882           -6.4812      
 883           -7.6825      
 884           -7.9647      
 885           -7.4123      
 886           -5.6677      
 887           -7.0457      
 888           -7.7073      
 889           -2.1729      
 890           -0.1916      
 891           -0.9724      
 892           -4.4536      
 893           -2.4431      
 894           -3.6803      
 895           -0.3681      
 896           -2.4683      
 897           -2.7005      
 898           -2.315       
 899           +1.2474      
 900           +0.9139      
 901           +2.2827      
 902           +2.7285      
 903           +0.7888      
 904           +1.9379      
 905           +0.5261      
 906           -1.1388      
 907           +0.2071      
 908           -0.9657      
 909           +0.2234      
 910           -0.2811      
 911           -3.2781      
 912           -2.9098      
 913           -0.523       
 914           +0.0421      
 915           -0.4549      
 916           -0.7278      
 917           -0.549       
 918           -0.5727      
 919           -0.6596      
 920           -0.455       
 921           -0.2927      
 922           -0.1203      
 923           -0.0765      
 924           +0.9911      
 925           -1.2587      
 926           -0.8653      
 927           -0.302       
 928           -0.3709      
 929           -0.1865      
 930           -0.8381      
 931           -0.653       
 932           -0.1682      
 933           +0.0671      
 934           +0.1556      
 935           +0.2611      
 936           -0.0933      
 937           -0.8019      
 938           -0.2695      
 939           -0.2164      
 940           -0.1357      
 941           -0.1882      
 942           -0.0635      
 943           -0.1133      
 944           -0.0551      
 945           -0.0077      
 946           -0.1146      
 947           +0.0064      
 948           -0.0037      
 949           -0.0339      
 950           +0.0023      
 951           -0.0087      
 952           -0.0023      
 953           +0.0761      
 954           -0.2357      
 955           -0.112       
 956           -0.1123      
 957           -0.0422      
 958           -0.0895      
 959           -0.0142      
 960           -0.0226      
 961           -0.1201      
 962           -0.333       
 963           -0.6603      
 964           -0.4776      
 965           -1.2245      
 966           -0.7928      
 967           -1.0132      
 968           -1.9402      
 969           -1.4544      
 970           -0.3769      
 971           -0.554       
 972           -1.9176      
 973           -1.5981      
 974           -0.56        
 975           +0.0068      
 976           +0.4023      
 977           +0.4545      
 978           +1.4628      
 979           +1.9302      
 980           +1.1117      
 981           +2.1887      
 982           +2.437       
 983           +0.4945      
 984           +1.2324      
 985           +1.4588      
 986           +3.1595      
 987           +2.0428      
 988           +1.7126      
 989           +1.6189      
 990           +0.809       
 991           +0.3979      
 992           +0.2205      
 993           +0.0046      
 994           -0.0043      
 995           +0.0565      
 996           +0.2014      
 997           +0.0021      
 998           -0.6089      
 999           +0.1054      
 1000          +0           
 1001          +0.0441      
 1002          +0.3297      
 1003          +0.1623      
 1004          +0.0007      
 1005          +0.0175      
 1006          +0.0001      
 1007          -0.0051      
 1008          +0.0033      
 1009          +0.0002      
 1010          -0.014       
 1011          +0.0041      
 1012          +0.0195      
 1013          +0.04        
 1014          -0.0014      
 1015          -0.0365      
 1016          -0.0494      
 1017          -0.0458      
 1018          -0.0659      
 1019          -0.0559      
 1020          -0.0524      
 1021          -0.7165      
 1022          -0.6235      
 1023          -1.7971      
 1024          -1.6227      
 1025          -0.6472      
 1026          -0.8547      
 1027          -1.6453      
 1028          -1.4194      
 1029          -1.4427      
 1030          -0.7379      
 1031          -1.9414      
 1032          -2.1087      
 1033          -0.8606      
 1034          -0.6441      
 1035          -0.0189      
 1036          -1.4729      
 1037          -1.9743      
 1038          -0.3836      
 1039          +0.4734      
 1040          -0.224       
 1041          +1.3058      
 1042          -1.8456      
 1043          -1.6869      
 1044          -3.8536      
 1045          -6.3311      
 1046          -4.1753      
 1047          -0.8643      
 1048          -1.4438      
 1049          -1.5078      
 1050          +1.265       
 1051          -1.3244      
 1052          -1.5669      
 1053          -2.3782      
 1054          -2.5155      
 1055          -2.891       
 1056          -3.2476      
 1057          -3.6119      
 1058          -3.1433      
 1059          -2.1237      
 1060          -1.3186      
 1061          -0.5133      
 1062          +0.2812      
 1063          +0.0695      
 1064          +0.3492      
 1065          -0.2765      
 1066          -0.1263      
 1067          +0.0564      
 1068          +0.1084      
 1069          +0.1997      
 1070          +0.136       
 1071          +0.1171      
 1072          -0.2268      
 1073          +0.2751      
 1074          +0.5846      
 1075          +0.1903      
 1076          +0.6316      
 1077          -0.0337      
 1078          +0.6861      
 1079          +0.6142      
 1080          +1.3685      
 1081          +0.7169      
 1082          -0.226       
 1083          +1.3301      
 1084          +2.7438      
 1085          +2.638       
 1086          +4.6758      
 1087          +4.0132      
 1088          +1.2631      
 1089          +0.6616      
 1090          -2.5023      
 1091          -2.8967      
 1092          -3.1146      
 1093          -1.2466      
 1094          -1.5043      
 1095          +0.9791      
 1096          +1.0202      
 1097          +0.4044      
 1098          -0.3559      
 1099          -2.6811      
 1100          -2.0204      
 1101          -2.9109      
 1102          -3.8436      
 1103          -3.4017      
 1104          -1.682       
 1105          -0.0785      
 1106          +1.6621      
 1107          +10.0637     
 1108          +12.3371     
 1109          +3.8162      
 1110          +6.4292      
 1111          +12.3872     
 1112          +3.2089      
 1113          +4.4415      
 1114          +10.2395     
 1115          +6.4276      
 1116          +2.9895      
 1117          +1.5296      
 1118          -0.3635      
 1119          +18.4284     
 1120          +13.8094     
 1121          +18.6633     
 1122          +20.9962     
 1123          +9.0485      
 1124          +17.3158     
 1125          +4.6979      
 1126          +18.6649     
 1127          +0.4611      
 1128          +6.2929      
 1129          +5.0146      
 1130          +17.3814     
 1131          +2.7571      
 1132          +10.3079     
 1133          +3.5956      
 1134          +14.2747     
 1135          +9.8688      
 1136          +9.5765      
 1137          +4.7544      
 1138          +2.3819      
 1139          -8.8457      
 1140          -11.3254     
 1141          -8.3714      
 1142          -8.0277      
 1143          -6.8909      
 1144          -10.101      
 1145          -9.0096      
 1146          -12.7284     
 1147          -10.959      
 1148          -11.8551     
 1149          -9.0734      
 1150          -8.1541      
 1151          -7.452       
 1152          -7.52        
 1153          -10.1444     
 1154          -7.4979      
 1155          -3.8869      
 1156          -4.3239      
 1157          -1.0199      
 1158          +0.6793      
 1159          -7.1221      
 1160          +1.0974      
 1161          +1.1546      
 1162          +0.6063      
 1163          -2.6689      
 1164          -2.9971      
 1165          -1.261       
 1166          -9.5907      
 1167          -3.8726      
 1168          -6.9404      
 1169          -7.3076      
 1170          -9.2768      
 1171          -6.8792      
 1172          -7.6261      
 1173          -7.708       
 1174          -5.7453      
 1175          -6.3196      
 1176          -6.6684      
 1177          -4.7264      
 1178          -6.2485      
 1179          -7.4888      
 1180          -5.7472      
 1181          -4.1315      
 1182          -7.7931      
 1183          -3.3678      
 1184          -5.9513      
 1185          -7.8294      
 1186          -3.8494      
 1187          -15.9016     
 1188          -20.4527     
 1189          -29.3576     
 1190          -33.3442     
 1191          -32.0122     
 1192          -33.1238     
 1193          -26.9946     
 1194          -28.39       
 1195          -26.4935     
 1196          -23.8504     
 1197          -19.2981     
 1198          -16.5837     
 1199          -11.7944     
 1200          -16.8139     
 1201          -13.9339     
 1202          -7.9575      
 1203          -8.1806      
 1204          -6.8325      
 1205          -22.7922     
 1206          -15.9716     
 1207          -32.5249     
 1208          -13.4526     
 1209          -14.241      
 1210          -6.7485      
 1211          -9.1643      
 1212          -2.4637      
 1213          +0.4126      
 1214          +4.2351      
 1215          +7.0422      
 1216          +0.0645      
 1217          +6.0389      
 1218          +9.0382      
 1219          +17.47       
 1220          +8.3809      
 1221          +9.4592      
 1222          +10.2776     
 1223          +5.6646      
 1224          +14.8528     
 1225          +12.6924     
 1226          -8.2261      
 1227          -19.1466     
 1228          -17.6031     
 1229          -12.8771     
 1230          -21.8707     
 1231          -16.8374     
 1232          -12.7548     
 1233          -12.8889     
 1234          -7.9195      
 1235          -24.4369     
 1236          -26.8988     
 1237          -15.5117     
 1238          -40.1107     
 1239          -31.8092     
 1240          -12.9213     
 1241          -21.832      
 1242          -23.8415     
 1243          -23.0602     
 1244          -18.2322     
 1245          -31.9218     
 1246          -23.1178     
 1247          -26.3012     
 1248          -7.9772      
 1249          -12.6849     
 1250          -6.1627      
 1251          -1.1917      
 1252          -9.1151      
 1253          -30.776      
 1254          -32.4247     
 1255          -29.4424     
 1256          -30.0223     
 1257          -30.5197     
 1258          -3.8371      
 1259          -36.327      
 1260          -39.6306     
 1261          -22.2166     
 1262          -28.4011     
 1263          -24.4582     
 1264          -29.2301     
 1265          -29.8684     
 1266          -32.9892     
 1267          -22.8791     
 1268          -20.8952     
 1269          -6.7485      
 1270          -16.8605     
 1271          -19.595      
 1272          -10.9563     
 1273          -31.8197     
 1274          -22.2474     
 1275          -28.3184     
 1276          -34.5352     
 1277          -26.8627     
 1278          -36.2838     
 1279          -29.9537     
 1280          -22.2841     
 1281          -29.0969     
 1282          -32.8393     
 1283          -14.6897     
 1284          -16.5319     
 1285          -8.9096      
 1286          -4.4982      
 1287          -5.6108      
 1288          -14.0039     
 1289          -21.6002     
 1290          -19.6863     
 1291          -19.549      
 1292          -16.0132     
 1293          -20.3233     
 1294          -26.4453     
 1295          -23.33       
 1296          -21.9155     
 1297          -14.2613     
 1298          -15.9833     
 1299          -15.0024     
 1300          -12.9858     
 1301          -19.2362     
 1302          -21.7222     
 1303          -13.6515     
 1304          -16.3044     
 1305          -8.0463      
 1306          -19.2926     
 1307          -19.5352     
 1308          -16.3597     
 1309          -11.3886     
 1310          -9.444       
 1311          -16.1647     
 1312          -14.1281     
 1313          -14.6081     
 1314          -9.7633      
 1315          -13.6061     
 1316          -15.2812     
 1317          -8.8286      
 1318          -14.9239     
 1319          -13.0083     
 1320          -5.5664      
 1321          -4.9646      
 1322          -6.8985      
 1323          -3.6355      
 1324          -13.0173     
 1325          -19.8028     
 1326          -7.5063      
 1327          -17.6214     
 1328          -7.2596      
 1329          -11.1551     
 1330          -11.6077     
 1331          -19.2263     
 1332          -17.6919     
 1333          -16.2733     
 1334          -7.4519      
 1335          -9.4965      
 1336          -14.7665     
 1337          -17.09       
 1338          -5.5774      
 1339          -18.9728     
 1340          -15.3319     
 1341          -7.6489      
 1342          -15.1706     
 1343          -25.1694     
 1344          -12.9377     
 1345          -10.1843     
 1346          -25.371      
 1347          -17.9357     
 1348          -10.6846     
 1349          -23.6347     
 1350          -8.9491      
 1351          -8.8171      
 1352          -10.5554     
 1353          -17.9908     
 1354          -0.3578      
 1355          -22.5833     
 1356          -15.31       
 1357          -19.3777     
 1358          -11.991      
 1359          -11.3149     
 1360          -15.3977     
 1361          -12.9922     
 1362          -19.2514     
 1363          -26.0147     
 1364          -29.3833     
 1365          -21.4791     
 1366          -15.4776     
 1367          -9.7647      
 1368          -8.9916      
 1369          -8.6879      
 1370          -7.4837      
 1371          -17.8279     
 1372          -17.747      
 1373          -19.3712     
 1374          -18.4513     
 1375          -13.5958     
 1376          -12.8441     
 1377          -12.9885     
 1378          -17.3692     
 1379          -19.0269     
 1380          -19.0163     
 1381          -21.4901     
 1382          -27.8674     
 1383          -29.2542     
 1384          -29.2429     
 1385          -31.3188     
 1386          -33.2529     
 1387          -31.4436     
 1388          -35.0947     
 1389          -38.7335     
 1390          -39.3157     
 1391          -34.2419     
 1392          -37.6716     
 1393          -27.9418     
 1394          -34.6024     
 1395          -29.2616     
 1396          -24.8435     
 1397          -32.0348     
 1398          -24.9961     
 1399          -26.6078     
 1400          -33.9299     
 1401          -25.9793     
 1402          -31.8427     
 1403          -41.4412     
 1404          -36.867      
 1405          -31.8339     
 1406          -42.5152     
 1407          -32.0554     
 1408          -28.0452     
 1409          -25.4765     
 1410          -23.1024     
 1411          -34.6131     
 1412          -27          
 1413          -12.6324     
 1414          -24.7079     
 1415          -20.094      
 1416          -21.1115     
 1417          -19.0295     
 1418          -26.8888     
 1419          -24.1834     
 1420          -11.4604     
 1421          -27.5742     
 1422          -15.8717     
 1423          -9.6682      
 1424          -16.3192     
 1425          -16.5031     
 1426          -26.9232     
 1427          -19.9327     
 1428          -27.3392     
 1429          -38.308      
 1430          -34.664      
 1431          -17.6501     
 1432          -26.3272     
 1433          -19.4474     
 1434          -21.3037     
 1435          -27.9532     
 1436          -27.6347     
 1437          -22.774      
 1438          -20.5265     
 1439          -22.452      
 1440          -4.5668      
 1441          -25.9637     
 1442          -11.0497     
 1443          -17.6381     
 1444          -14.9041     
 1445          -13.1052     
 1446          -13.882      
 1447          -11.9392     
 1448          -6.6996      
 1449          -3.5597      
 1450          -23.8757     
 1451          -29.6296     
 1452          -30.6199     
 1453          -34.1769     
 1454          -32.3427     
 1455          -24.3495     
 1456          -31.5993     
 1457          -38.1683     
 1458          -26.5643     
 1459          -29.8586     
 1460          -22.9176     
 1461          -21.5608     
 1462          -31.2828     
 1463          -27.7804     
 1464          -27.366      
 1465          -30.814      
 1466          -41.2018     
 1467          -31.3341     
 1468          -26.876      
 1469          -20.9451     
 1470          -28.075      
 1471          -30.9252     
 1472          -35.2825     
 1473          -27.2232     
 1474          -28.311      
 1475          -19.001      
 1476          -17.7966     
 1477          -24.8171     
 1478          -14.6339     
 1479          -17.9061     
 1480          -18.8486     
 1481          -19.7618     
 1482          -24.1152     
 1483          -25.2906     
 1484          -15.1825     
 1485          -20.4095     
 1486          -16.1674     
 1487          -27.1282     
 1488          -13.9229     
 1489          -6.6789      
 1490          -16.6628     
 1491          -27.0521     
 1492          -18.1053     
 1493          -20.1416     
 1494          -22.6147     
 1495          -26.7338     
 1496          -20.9829     
 1497          -23.6226     
 1498          -20.4854     
 1499          -20.9252     
 1500          -30.9368     
 1501          -28.6921     
 1502          -32.7272     
 1503          -32.9006     
 1504          -36.0246     
 1505          -42.1308     
 1506          -37.314      
 1507          -35.8282     
 1508          -33.9564     
 1509          -32.5029     
 1510          -35.8564     
 1511          -31.4408     
 1512          -36.9277     
 1513          -27.988      
 1514          -32.4987     
 1515          -30.1313     
 1516          -37.7646     
 1517          -32.3053     
 1518          -34.546      
 1519          -31.4161     
 1520          -32.2992     
 1521          -27.3099     
 1522          -28.2333     
 1523          -28.258      
 1524          -26.1341     
 1525          -29.6127     
 1526          -25.7996     
 1527          -20.1907     
 1528          -24.969      
 1529          -24.8322     
 1530          -8.7028      
 1531          -15.5914     
 1532          -21.7635     
 1533          -28.5216     
 1534          -20.6064     
 1535          -20.6603     
 1536          -23.1256     
 1537          -22.6692     
 1538          -30.0063     
 1539          -33.847      
 1540          -20.3412     
 1541          -5.9572      
 1542          -17.5076     
 1543          -26.9136     
 1544          -25.4204     
 1545          -14.1168     
 1546          -14.671      
 1547          -26.1335     
 1548          -30.5371     
 1549          -19.5801     
 1550          -18.6137     
 1551          -10.9441     
 1552          -12.9154     
 1553          -13.862      
 1554          -19.4174     
 1555          -16.4868     
 1556          -18.5577     
 1557          -25.6495     
 1558          -34.5204     
 1559          -27.1534     
 1560          -36.1632     
 1561          -17.4749     
 1562          -19.7191     
 1563          -20.898      
 1564          -20.353      
 1565          -16.0933     
 1566          -31.6624     
 1567          -34.0639     
 1568          -35.0926     
 1569          -26.979      
 1570          -36.5099     
 1571          -36.0262     
 1572          -22.9232     
 1573          -49.4388     
 1574          -40.9741     
 1575          -37.4604     
 1576          -41.0655     
 1577          -48.1556     
 1578          -35.8562     
 1579          -39.7203     
 1580          -45.4726     
 1581          -41.1701     
 1582          -55.6612     
 1583          -61.1034     
 1584          -51.5804     
 1585          -38.9596     
 1586          -41.3026     
 1587          -40.7187     
 1588          -54.2393     
 1589          -40.8168     
 1590          -50.062      
 1591          -46.9127     
 1592          -55.0492     
 1593          -54.6968     
 1594          -57.8774     
 1595          -57.0677     
 1596          -50.8527     
 1597          -47.5079     
 1598          -49.7986     
 1599          -52.3055     
 1600          -56.5694     
 1601          -54.9533     
 1602          -60.4192     
 1603          -55.07       
 1604          -44.3489     
 1605          -48.107      
 1606          -52.1432     
 1607          -51.7409     
 1608          -67.1986     
 1609          -69.8835     
 1610          -72.9644     
 1611          -70.5093     
 1612          -70.6082     
 1613          -61.2941     
 1614          -65.8525     
 1615          -73.4963     
 1616          -66.6231     
 1617          -60.9778     
 1618          -69.1196     
 1619          -64.6552     
 1620          -76.0714     
 1621          -70.5845     
 1622          -58.6431     
 1623          -65.3052     
 1624          -63.118      
 1625          -59.96       
 1626          -53.1397     
 1627          -63.3031     
 1628          -69.1009     
 1629          -72.5459     
 1630          -66.343      
 1631          -68.7691     
 1632          -71.3475     
 1633          -66.394      
 1634          -69.9734     
 1635          -73.0208     
 1636          -71.5063     
 1637          -68.7131     
 1638          -68.2816     
 1639          -67.8834     
 1640          -68.3886     
 1641          -63.909      
 1642          -64.0731     
 1643          -58.8265     
 1644          -66.7565     
 1645          -67.1588     
 1646          -73.2576     
 1647          -74.6863     
 1648          -56.2285     
 1649          -71.2783     
 1650          -61.4522     
 1651          -67.5568     
 1652          -62.5205     
 1653          -72.0082     
 1654          -67.5993     
 1655          -64.2543     
 1656          -65.3022     
 1657          -71.5454     
 1658          -65.8725     
 1659          -66.7878     
 1660          -72.0061     
 1661          -60.1197     
 1662          -67.0546     
 1663          -71.2414     
 1664          -72.1206     
 1665          -71.2431     
 1666          -69.2979     
 1667          -58.645      
 1668          -67.335      
 1669          -67.8253     
 1670          -62.3256     
 1671          -68.1348     
 1672          -63.3634     
 1673          -68.1271     
 1674          -70.3978     
 1675          -71.2493     
 1676          -71.8746     
 1677          -73.0468     
 1678          -74.6511     
 1679          -71.638      
 1680          -69.8795     
 1681          -73.0239     
 1682          -76.2139     
 1683          -75.1422     
 1684          -70.3248     
 1685          -76.5547     
 1686          -75.2729     
 1687          -66.6415     
 1688          -75.0641     
 1689          -69.2092     
 1690          -67.2224     
 1691          -74.9604     
 1692          -67.0269     
 1693          -73.4528     
 1694          -65.9012     
 1695          -68.2619     
 1696          -65.8125     
 1697          -69.0758     
 1698          -68.8357     
 1699          -68.2649     
 1700          -72.4883     
 1701          -63.2166     
 1702          -70.9561     
 1703          -63.9976     
 1704          -67.9045     
 1705          -65.7615     
 1706          -63.5204     
 1707          -76.1576     
 1708          -67.1074     
 1709          -71.7188     
 1710          -68.9718     
 1711          -68.5579     
 1712          -71.8739     
 1713          -66.1017     
 1714          -63.1452     
 1715          -76.6995     
 1716          -68.2092     
 1717          -66.9945     
 1718          -74.742      
 1719          -67.2385     
 1720          -71.8316     
 1721          -68.438      
 1722          -64.5132     
 1723          -71.9714     
 1724          -69.5907     
 1725          -67.0854     
 1726          -76.2516     
 1727          -69.4711     
 1728          -68.6708     
 1729          -68.358      
 1730          -68.0236     
 1731          -66.7963     
 1732          -63.8542     
 1733          -71.6432     
 1734          -75.4591     
 1735          -72.2453     
 1736          -80.3042     
 1737          -70.406      
 1738          -72.226      
 1739          -69.3721     
 1740          -58.2461     
 1741          -73.5156     
 1742          -70.6547     
 1743          -72.0639     
 1744          -64.1306     
 1745          -73.0992     
 1746          -66.7592     
 1747          -69.4157     
 1748          -68.4248     
 1749          -73.1338     
 1750          -69.4756     