#Frame     end-to-end
       1      11.0478
       2      11.0791
       3      10.6827
       4      10.6503
       5      10.6800
       6      10.6926
       7      10.8839
       8      10.8242
       9      11.4421
      10      10.9543
      11      10.7500
      12      10.5905
      13      10.8088
      14      10.4654
      15      10.5835
      16      11.7409
      17      12.3477
      18      12.2941
      19      12.4445
      20      12.8397
      21      12.9082
      22      12.8739
      23      11.7676
      24      11.8042
      25      12.2264
      26      12.7761
      27      12.0847
      28      12.5530
      29      12.0849
      30      11.7937
      31      11.9013
      32      12.4491
      33      12.4397
      34      12.0010
      35      11.9297
      36      12.2847
      37      12.8075
      38      12.6288
      39      12.7699
      40      12.6368
      41      11.7994
      42      12.1612
      43      12.4313
      44      12.8258
      45      12.2936
      46      12.8598
      47      13.5112
      48      12.4272
      49      12.7050
      50      12.6710
      51      12.1835
      52      12.1866
      53      12.1972
      54      12.9864
      55      14.5418
      56      15.2294
      57      15.1877
      58      15.0544
      59      15.0166
      60      15.4294
      61      14.9911
      62      15.6825
      63      15.1468
      64      15.9273
      65      15.0095
      66      15.0971
      67      15.3209
      68      15.2854
      69      15.7553
      70      16.0919
      71      16.3259
      72      17.1286
      73      17.1313
      74      19.1460
      75      18.8382
      76      18.6226
      77      18.4571
      78      18.4704
      79      18.5819
      80      17.3247
      81      17.2021
      82      17.1179
      83      18.3259
      84      19.3965
      85      19.2189
      86      19.2928
      87      19.2349
      88      19.5248
      89      19.8104
      90      19.0621
      91      19.4268
      92      18.7226
      93      19.1337
      94      19.1852
      95      18.6967
      96      18.3648
      97      17.7423
      98      16.4867
      99      16.5840
     100      16.1642
     101      17.6424
     102      15.9616
     103      16.0470
     104      17.7220
     105      17.1286
     106      17.9895
     107      17.5697
     108      18.3478
     109      18.1144
     110      18.3558
     111      18.9857
     112      19.8652
     113      18.5442
     114      17.2263
     115      16.8982
     116      16.5934
     117      16.2133
     118      15.4433
     119      15.2815
     120      15.1385
     121      14.8938
     122      14.6905
     123      15.2713
     124      14.8461
     125      14.9337
     126      14.8035
     127      14.6959
     128      14.6152
     129      14.6687
     130      14.3202
     131      14.9286
     132      15.3568
     133      15.5990
     134      16.3890
     135      17.3154
     136      17.4410
     137      17.5922
     138      16.8994
     139      16.8739
     140      16.4334
     141      16.8431
     142      17.5820
     143      17.3506
     144      18.1677
     145      18.1601
     146      18.1607
     147      18.4021
     148      18.7977
     149      17.5976
     150      17.0872
     151      17.9935
     152      18.6546
     153      18.9294
     154      21.4682
     155      21.9873
     156      22.1402
     157      22.2004
     158      23.7811
     159      23.2692
     160      24.1773
     161      23.8121
     162      23.8446
     163      24.1136
     164      23.6083
     165      24.2038
     166      22.5347
     167      21.7911
     168      21.6428
     169      21.5132
     170      21.9456
     171      21.1896
     172      21.7755
     173      22.5252
     174      20.8574
     175      20.2338
     176      19.9722
     177      20.1059
     178      18.6181
     179      18.3887
     180      16.6857
     181      16.7695
     182      16.9407
     183      15.5968
     184      15.0534
     185      15.8520
     186      15.6660
     187      15.2817
     188      16.1752
     189      15.1470
     190      16.2344
     191      16.5282
     192      16.9758
     193      17.0119
     194      17.0908
     195      17.3721
     196      18.2126
     197      17.9266
     198      18.7250
     199      18.5209
     200      18.4033
     201      18.3785
     202      18.4189
     203      18.6959
     204      18.4105
     205      17.0734
     206      17.3335
     207      16.0786
     208      14.8222
     209      14.8684
     210      14.4613
     211      14.5673
     212      14.9939
     213      14.7044
     214      14.6817
     215      15.1417
     216      15.1860
     217      15.3681
     218      15.5123
     219      15.4723
     220      15.6683
     221      15.4574
     222      15.7250
     223      16.1478
     224      16.3445
     225      15.5210
     226      14.7523
     227      15.3541
     228      15.8526
     229      15.6199
     230      15.8655
     231      14.4208
     232      14.5764
     233      14.6337
     234      15.4593
     235      15.4074
     236      15.3231
     237      16.2776
     238      16.8780
     239      17.0661
     240      16.9700
     241      16.1793
     242      16.8235
     243      16.2829
     244      16.5601
     245      16.3777
     246      16.4871
     247      17.0423
     248      16.7269
     249      16.2926
     250      16.7801
     251      17.0784
     252      16.7218
     253      17.5584
     254      17.9339
     255      18.5394
     256      18.9362
     257      18.1378
     258      18.9155
     259      20.2922
     260      19.6353
     261      19.0704
     262      19.5593
     263      19.8470
     264      20.9869
     265      21.8298
     266      22.8275
     267      22.8870
     268      24.0489
     269      24.2775
     270      23.7923
     271      23.7930
     272      24.1388
     273      25.2523
     274      27.1808
     275      26.5694
     276      27.4558
     277      28.1255
     278      28.3356
     279      27.6620
     280      26.2133
     281      26.8172
     282      27.4294
     283      25.9578
     284      25.8596
     285      27.0550
     286      27.9410
     287      28.8457
     288      27.9491
     289      27.1059
     290      28.7976
     291      29.7109
     292      30.6135
     293      29.8764
     294      30.5231
     295      31.1722
     296      31.4901
     297      32.3062
     298      32.7145
     299      32.9729
     300      33.5190
     301      33.1949
     302      33.4708
     303      33.4519
     304      33.8913
     305      34.7501
     306      34.3773
     307      34.6297
     308      34.9446
     309      34.7940
     310      34.9671
     311      35.0233
     312      34.8087
     313      35.0795
     314      35.0424
     315      35.1192
     316      34.5356
     317      34.8542
     318      34.6358
     319      34.6396
     320      35.1912
     321      35.0201
     322      34.9310
     323      34.3849
     324      33.2610
     325      32.1090
     326      31.2318
     327      30.3636
     328      29.8156
     329      29.2466
     330      29.7046
     331      29.3875
     332      30.3580
     333      31.1645
     334      31.1325
     335      30.1800
     336      30.1271
     337      29.8161
     338      31.0808
     339      32.0498
     340      31.7917
     341      32.6159
     342      31.4557
     343      32.3282
     344      32.1144
     345      32.9835
     346      32.6444
     347      32.8934
     348      32.3845
     349      31.5875
     350      32.9778
     351      32.0390
     352      32.3444
     353      31.9477
     354      32.0573
     355      32.5273
     356      33.6063
     357      33.2547
     358      33.7172
     359      33.5847
     360      34.0781
     361      32.7986
     362      31.8913
     363      34.2055
     364      35.0206
     365      34.4814
     366      34.6781
     367      35.0592
     368      34.9625
     369      33.1845
     370      34.2877
     371      34.6193
     372      34.0892
     373      33.8496
     374      33.3558
     375      34.8457
     376      34.8700
     377      35.0929
     378      34.7398
     379      35.0797
     380      34.8964
     381      34.2494
     382      35.0332
     383      34.2126
     384      32.6898
     385      32.2982
     386      32.8742
     387      32.9900
     388      32.7312
     389      32.1491
     390      31.6178
     391      30.8648
     392      29.4862
     393      31.3495
     394      31.7588
     395      32.7316
     396      31.9578
     397      32.1902
     398      30.9294
     399      30.3813
     400      31.2880
     401      30.0286
     402      28.9944
     403      28.8139
     404      28.0706
     405      28.0145
     406      28.3256
     407      27.3976
     408      26.3226
     409      26.2459
     410      25.9829
     411      25.8982
     412      24.9832
     413      25.5102
     414      25.2947
     415      25.3271
     416      25.0914
     417      25.5145
     418      25.2751
     419      25.6530
     420      26.3189
     421      25.9948
     422      26.4952
     423      26.2608
     424      26.1055
     425      26.4299
     426      25.6247
     427      25.6536
     428      25.4841
     429      24.3302
     430      22.8139
     431      22.9579
     432      23.6682
     433      22.6462
     434      21.8770
     435      21.9000
     436      21.0719
     437      22.1505
     438      22.0748
     439      22.9800
     440      23.6760
     441      23.7424
     442      22.4376
     443      21.4005
     444      20.2746
     445      20.6007
     446      20.8333
     447      21.4135
     448      21.5319
     449      21.0008
     450      21.1401
     451      20.6017
     452      20.1616
     453      20.2170
     454      20.5003
     455      20.0863
     456      18.5150
     457      18.1999
     458      19.1094
     459      20.7252
     460      21.2572
     461      20.7078
     462      19.6711
     463      18.9710
     464      19.1457
     465      19.8967
     466      19.7397
     467      19.5966
     468      17.9261
     469      16.8044
     470      16.2403
     471      16.0010
     472      15.9410
     473      15.1305
     474      14.8011
     475      14.4222
     476      14.4438
     477      13.8983
     478      13.5856
     479      13.5028
     480      13.6166
     481      13.3499
     482      13.2776
     483      13.5868
     484      13.4722
     485      12.9668
     486      12.4751
     487      13.2018
     488      13.5458
     489      12.7767
     490      11.4469
     491      11.3707
     492      11.1381
     493      11.5112
     494      11.7390
     495      11.7885
     496      11.8820
     497      12.2235
     498      11.9959
     499      12.6066
     500      12.5933
     501      12.1265
     502      12.5338
     503      12.1294
     504      11.9475
     505      12.0997
     506      12.2863
     507      11.9232
     508      12.2573
     509      11.6200
     510      11.4595
     511      12.0134
     512      12.2327
     513      12.2405
     514      12.0932
     515      12.1133
     516      12.4789
     517      12.9529
     518      12.8645
     519      13.4624
     520      13.1164
     521      13.3634
     522      13.3444
     523      13.8972
     524      13.7007
     525      13.6244
     526      13.1852
     527      13.8505
     528      13.6949
     529      13.3835
     530      13.3838
     531      13.0791
     532      13.9163
     533      12.8009
     534      13.0066
     535      14.0883
     536      13.6976
     537      13.6261
     538      12.9365
     539      13.1232
     540      12.6401
     541      12.8126
     542      12.5286
     543      12.8601
     544      12.4790
     545      12.6990
     546      12.8107
     547      12.3098
     548      12.4525
     549      12.2103
     550      11.9758
     551      12.3146
     552      12.0510
     553      11.7834
     554      11.8077
     555      12.1815
     556      12.1953
     557      11.5987
     558      11.8897
     559      12.9734
     560      12.9493
     561      12.7118
     562      12.4320
     563      12.1524
     564      12.1204
     565      12.5259
     566      12.1267
     567      11.9338
     568      11.8369
     569      11.8182
     570      11.4620
     571      11.7411
     572      10.8316
     573      10.9268
     574      10.6587
     575      11.0774
     576      11.3775
     577      10.9046
     578      10.7830
     579      10.8274
     580      10.9430
     581      10.7324
     582      10.8004
     583      11.4390
     584      11.5216
     585      11.2320
     586      11.1020
     587      11.6056
     588      12.4965
     589      12.7956
     590      12.3287
     591      12.9132
     592      12.8027
     593      13.0967
     594      13.5406
     595      12.7256
     596      13.4070
     597      13.4358
     598      13.6139
     599      13.9294
     600      13.2904
     601      13.2936
     602      13.9427
     603      15.0975
     604      15.7992
     605      14.5660
     606      15.6537
     607      16.1480
     608      15.9407
     609      16.4162
     610      15.5400
     611      16.3626
     612      15.9913
     613      16.9893
     614      17.3362
     615      17.9093
     616      17.2262
     617      16.9146
     618      16.2877
     619      16.3684
     620      17.2202
     621      18.3950
     622      17.8922
     623      17.5433
     624      18.9713
     625      19.5155
     626      20.2333
     627      20.0693
     628      20.1424
     629      22.1487
     630      22.7358
     631      23.3782
     632      22.1190
     633      21.9812
     634      21.9560
     635      20.8763
     636      19.8659
     637      20.4727
     638      20.1522
     639      20.7306
     640      21.1596
     641      20.8660
     642      20.5463
     643      20.7915
     644      20.7614
     645      22.6513
     646      23.8956
     647      25.2627
     648      24.4364
     649      25.7456
     650      25.8079
     651      25.3300
     652      25.4815
     653      26.3451
     654      26.0543
     655      26.5030
     656      27.2578
     657      26.3976
     658      28.1381
     659      27.5655
     660      26.2898
     661      25.2919
     662      24.5286
     663      24.5738
     664      25.1268
     665      24.8324
     666      25.5364
     667      25.5681
     668      27.6979
     669      27.3705
     670      27.1148
     671      27.0662
     672      26.7019
     673      26.4660
     674      26.1029
     675      25.6198
     676      26.6234
     677      26.5535
     678      27.7722
     679      29.1368
     680      30.5257
     681      30.8983
     682      29.6776
     683      29.5362
     684      30.6509
     685      30.8184
     686      30.9861
     687      30.9413
     688      30.5656
     689      30.7940
     690      30.4342
     691      29.0214
     692      28.9046
     693      28.7990
     694      28.6908
     695      28.4171
     696      28.6574
     697      29.6894
     698      29.9743
     699      29.7593
     700      30.3937
     701      29.7932
     702      30.3348
     703      30.5568
     704      29.6289
     705      28.4551
     706      28.2661
     707      28.2582
     708      27.8062
     709      28.2785
     710      27.6699
     711      26.5711
     712      26.3523
     713      26.9227
     714      27.3523
     715      28.2786
     716      27.9035
     717      27.4519
     718      28.1904
     719      28.0441
     720      28.8117
     721      27.1329
     722      26.3516
     723      25.8491
     724      24.3951
     725      24.4733
     726      24.4807
     727      24.2146
     728      24.8943
     729      23.5284
     730      22.6805
     731      23.7633
     732      24.4528
     733      23.8469
     734      24.3502
     735      23.1946
     736      24.8166
     737      24.9521
     738      25.7294
     739      25.5562
     740      26.5347
     741      27.4132
     742      28.3553
     743      28.3329
     744      28.7367
     745      29.1371
     746      30.6548
     747      30.4281
     748      31.9689
     749      32.9183
     750      33.8701
     751      34.8115
     752      34.8281
     753      34.7003
     754      35.2174
     755      34.7759
     756      34.7412
     757      34.7395
     758      34.9254
     759      35.1416
     760      34.3105
     761      34.6155
     762      33.0943
     763      33.0477
     764      32.7851
     765      32.8640
     766      31.8951
     767      31.5312
     768      30.5399
     769      30.8283
     770      30.9642
     771      31.0354
     772      32.2941
     773      32.0114
     774      32.4449
     775      32.0167
     776      30.9086
     777      31.2517
     778      31.6845
     779      31.2125
     780      30.1764
     781      28.7251
     782      29.2745
     783      28.9892
     784      30.3816
     785      30.2761
     786      29.3114
     787      29.3980
     788      30.0707
     789      29.7273
     790      29.9847
     791      29.2051
     792      29.6061
     793      30.3782
     794      30.4576
     795      30.2182
     796      30.3433
     797      30.7532
     798      31.3722
     799      31.2953
     800      32.4809
     801      32.6243
     802      34.6577
     803      33.9407
     804      33.9827
     805      34.0844
     806      35.0628
     807      35.0944
     808      33.7281
     809      33.4209
     810      32.5116
     811      32.6227
     812      34.2131
     813      33.2590
     814      33.9543
     815      33.8080
     816      31.9029
     817      33.6821
     818      33.7837
     819      33.6837
     820      35.1680
     821      34.8988
     822      34.5263
     823      33.1312
     824      32.9424
     825      32.5517
     826      31.6627
     827      31.0068
     828      31.2827
     829      31.9322
     830      29.5293
     831      28.2172
     832      28.6767
     833      28.6423
     834      28.4934
     835      27.7595
     836      28.4001
     837      29.6907
     838      30.1862
     839      29.9374
     840      29.9462
     841      30.4104
     842      29.7060
     843      29.8852
     844      28.9410
     845      29.0053
     846      27.6805
     847      28.0990
     848      27.4236
     849      26.8577
     850      26.0901
     851      25.9154
     852      27.0506
     853      28.8659
     854      29.2839
     855      29.7970
     856      29.0664
     857      28.3281
     858      28.0858
     859      26.9056
     860      26.7588
     861      27.9096
     862      27.9327
     863      28.1500
     864      27.2218
     865      27.9857
     866      27.5705
     867      28.3524
     868      28.4891
     869      29.2255
     870      29.3216
     871      29.0958
     872      29.8099
     873      29.9461
     874      30.2322
     875      30.8867
     876      32.3842
     877      32.5409
     878      33.1615
     879      32.9691
     880      31.8028
     881      32.9544
     882      33.3177
     883      33.2592
     884      32.9813
     885      32.2833
     886      32.2788
     887      32.5417
     888      31.6910
     889      32.6274
     890      32.2999
     891      32.1329
     892      31.1713
     893      31.1076
     894      31.0619
     895      30.5416
     896      31.9297
     897      32.0951
     898      32.0098
     899      31.8995
     900      30.8753
     901      31.4973
     902      32.1116
     903      33.6039
     904      33.5360
     905      33.5816
     906      33.9463
     907      34.1233
     908      34.9540
     909      35.1770
     910      35.1105
     911      35.0282
     912      33.0912
     913      33.2962
     914      34.3656
     915      34.7985
     916      34.5256
     917      35.2486
     918      34.7809
     919      34.9426
     920      35.0342
     921      34.7151
     922      33.3678
     923      32.5807
     924      32.5891
     925      31.6530
     926      31.3645
     927      30.9554
     928      30.3823
     929      31.5709
     930      30.4634
     931      29.5192
     932      29.1230
     933      28.8962
     934      28.3598
     935      28.5052
     936      27.6215
     937      26.7818
     938      25.9044
     939      24.9094
     940      25.8237
     941      24.8604
     942      25.0199
     943      25.7663
     944      25.5431
     945      26.5244
     946      25.9200
     947      27.1885
     948      27.2179
     949      26.3329
     950      26.0062
     951      27.4263
     952      27.6050
     953      27.5501
     954      26.2117
     955      25.5964
     956      25.5336
     957      25.8408
     958      25.3439
     959      24.0380
     960      24.6662
     961      24.2078
     962      24.0827
     963      23.7592
     964      23.5608
     965      22.8951
     966      23.0844
     967      22.8525
     968      23.1885
     969      23.0133
     970      22.4232
     971      22.6143
     972      22.1992
     973      22.2817
     974      21.7615
     975      23.9148
     976      24.0599
     977      23.0656
     978      22.9605
     979      23.0665
     980      23.5916
     981      23.9004
     982      23.6949
     983      22.8074
     984      21.8354
     985      20.8667
     986      20.2470
     987      19.3143
     988      19.2618
     989      20.1575
     990      20.9517
     991      21.2698
     992      20.4791
     993      19.7916
     994      20.4814
     995      19.6890
     996      20.0386
     997      20.7718
     998      21.1345
     999      21.0275
    1000      20.5293
    1001      21.6344
    1002      21.9135
    1003      20.7031
    1004      21.4421
    1005      22.3123
    1006      21.8342
    1007      22.6376
    1008      22.6923
    1009      22.6412
    1010      23.7681
    1011      25.0057
    1012      25.0837
    1013      25.0089
    1014      23.9999
    1015      23.7798
    1016      23.0827
    1017      23.8430
    1018      23.8521
    1019      22.7931
    1020      23.5745
    1021      23.2356
    1022      24.2598
    1023      23.9011
    1024      25.8596
    1025      24.4900
    1026      24.7270
    1027      23.2976
    1028      23.7904
    1029      23.2835
    1030      22.4905
    1031      22.6398
    1032      22.8925
    1033      22.9732
    1034      23.1188
    1035      22.5564
    1036      22.0461
    1037      21.9266
    1038      23.0772
    1039      22.5611
    1040      23.1768
    1041      21.4654
    1042      22.8914
    1043      22.1863
    1044      22.5808
    1045      22.7166
    1046      22.4910
    1047      22.6440
    1048      22.7405
    1049      21.7254
    1050      22.0662
    1051      21.1223
    1052      20.9030
    1053      20.8020
    1054      20.9317
    1055      20.2047
    1056      20.4118
    1057      19.6129
    1058      19.7372
    1059      19.4990
    1060      19.1939
    1061      19.1009
    1062      18.8003
    1063      18.7198
    1064      19.2178
    1065      19.0614
    1066      18.8854
    1067      18.4719
    1068      18.1075
    1069      18.7159
    1070      18.4961
    1071      18.4185
    1072      18.3357
    1073      18.2184
    1074      17.9251
    1075      18.0498
    1076      18.1218
    1077      18.5728
    1078      17.6469
    1079      18.8660
    1080      18.2084
    1081      18.3087
    1082      18.3025
    1083      18.6518
    1084      19.5247
    1085      20.1545
    1086      20.0185
    1087      20.0843
    1088      20.5603
    1089      20.0037
    1090      20.7761
    1091      20.9958
    1092      21.3053
    1093      21.1856
    1094      20.2254
    1095      20.4576
    1096      20.6263
    1097      21.4142
    1098      20.6948
    1099      20.4339
    1100      19.0568
    1101      20.6724
    1102      20.7699
    1103      21.1682
    1104      21.8916
    1105      21.6403
    1106      20.8639
    1107      21.2958
    1108      21.2307
    1109      21.3566
    1110      21.8035
    1111      22.0167
    1112      23.2750
    1113      23.3778
    1114      22.9681
    1115      23.0658
    1116      22.4506
    1117      22.1746
    1118      21.9839
    1119      21.7024
    1120      21.3939
    1121      21.7220
    1122      21.7917
    1123      21.8011
    1124      21.6183
    1125      22.9938
    1126      21.7694
    1127      23.3180
    1128      22.9007
    1129      23.9637
    1130      24.9025
    1131      24.0446
    1132      24.5402
    1133      23.6710
    1134      23.7729
    1135      23.9340
    1136      22.8710
    1137      23.9461
    1138      23.6706
    1139      24.0650
    1140      24.5632
    1141      25.6834
    1142      24.5238
    1143      25.7994
    1144      25.7406
    1145      27.4139
    1146      27.9836
    1147      29.1108
    1148      28.2261
    1149      28.9437
    1150      28.2373
    1151      28.0263
    1152      27.8111
    1153      28.4037
    1154      28.1556
    1155      27.6479
    1156      27.7941
    1157      27.7553
    1158      26.9402
    1159      25.5756
    1160      25.0844
    1161      24.9385
    1162      24.7980
    1163      24.5220
    1164      24.8011
    1165      24.7568
    1166      25.6026
    1167      24.8696
    1168      25.1985
    1169      23.6058
    1170      23.2855
    1171      23.0995
    1172      22.7918
    1173      22.9641
    1174      21.7850
    1175      21.9410
    1176      21.2906
    1177      21.5795
    1178      22.0755
    1179      21.1688
    1180      21.1682
    1181      20.6528
    1182      21.2858
    1183      21.1761
    1184      20.7211
    1185      19.7099
    1186      19.1156
    1187      19.8296
    1188      19.8887
    1189      19.6481
    1190      20.5413
    1191      20.2533
    1192      20.5242
    1193      20.4692
    1194      20.8743
    1195      21.3901
    1196      21.4563
    1197      21.5305
    1198      21.2375
    1199      21.0135
    1200      21.3585
    1201      20.9947
    1202      21.2518
    1203      20.4453
    1204      21.3884
    1205      21.5296
    1206      22.3820
    1207      22.6170
    1208      22.9324
    1209      22.8885
    1210      23.9681
    1211      24.0237
    1212      24.1001
    1213      24.3378
    1214      24.4273
    1215      24.5015
    1216      25.7461
    1217      26.1366
    1218      26.4755
    1219      26.8957
    1220      27.9080
    1221      27.0843
    1222      28.1601
    1223      26.7524
    1224      25.9668
    1225      26.7425
    1226      26.6533
    1227      26.8512
    1228      25.6751
    1229      26.0060
    1230      25.1469
    1231      24.7364
    1232      24.8029
    1233      24.7685
    1234      25.3814
    1235      25.8628
    1236      26.5022
    1237      26.7691
    1238      28.1554
    1239      27.8535
    1240      27.8582
    1241      29.4820
    1242      30.9382
    1243      32.7354
    1244      33.1134
    1245      34.9529
    1246      34.6934
    1247      34.2737
    1248      34.9706
    1249      33.6150
    1250      33.7469
    1251      34.3783
    1252      33.5950
    1253      33.1115
    1254      32.7383
    1255      32.1093
    1256      32.4846
    1257      33.2039
    1258      33.7245
    1259      33.6747
    1260      34.1607
    1261      34.9888
    1262      34.9831
    1263      34.9101
    1264      35.0093
    1265      35.0865
    1266      34.2078
    1267      34.0872
    1268      32.8189
    1269      32.2114
    1270      31.2339
    1271      30.9766
    1272      30.9013
    1273      32.8171
    1274      33.9878
    1275      34.2434
    1276      35.3095
    1277      34.9171
    1278      34.4903
    1279      34.9585
    1280      34.5149
    1281      35.0717
    1282      35.0259
    1283      34.9148
    1284      34.4851
    1285      34.6495
    1286      34.8756
    1287      34.9078
    1288      34.4754
    1289      34.7409
    1290      35.1199
    1291      34.6861
    1292      33.7032
    1293      34.7472
    1294      35.1811
    1295      35.0216
    1296      34.9427
    1297      35.1821
    1298      35.0106
    1299      34.1508
    1300      33.7011
    1301      33.8897
    1302      33.3496
    1303      31.6492
    1304      31.4198
    1305      31.1303
    1306      31.1845
    1307      31.5872
    1308      31.4696
    1309      31.0886
    1310      30.7918
    1311      30.8954
    1312      31.1244
    1313      30.3053
    1314      31.0675
    1315      31.9609
    1316      32.5703
    1317      32.0733
    1318      31.1186
    1319      31.1233
    1320      30.2503
    1321      29.9819
    1322      29.8853
    1323      29.0790
    1324      29.1792
    1325      28.1246
    1326      28.3094
    1327      26.8038
    1328      26.5714
    1329      27.7093
    1330      28.2474
    1331      28.0735
    1332      28.2489
    1333      29.0161
    1334      28.2719
    1335      28.5196
    1336      28.5684
    1337      28.3213
    1338      28.5254
    1339      29.7385
    1340      29.3073
    1341      28.5735
    1342      27.6088
    1343      26.6448
    1344      26.8990
    1345      26.7622
    1346      27.1489
    1347      27.5958
    1348      27.2742
    1349      27.4353
    1350      26.9240
    1351      27.2506
    1352      27.7578
    1353      28.3438
    1354      29.2763
    1355      28.8993
    1356      28.7194
    1357      29.3534
    1358      28.8797
    1359      29.5728
    1360      29.7961
    1361      29.6732
    1362      29.1615
    1363      29.7322
    1364      29.1390
    1365      29.1874
    1366      29.3025
    1367      28.9140
    1368      27.9255
    1369      27.1082
    1370      27.6149
    1371      28.1108
    1372      28.7503
    1373      28.5687
    1374      28.7676
    1375      28.6349
    1376      27.9294
    1377      26.8347
    1378      26.4063
    1379      26.9612
    1380      26.4653
    1381      26.4043
    1382      26.3081
    1383      26.4981
    1384      26.6355
    1385      27.0319
    1386      28.0037
    1387      29.0567
    1388      29.1170
    1389      29.9588
    1390      31.4755
    1391      31.1155
    1392      31.3507
    1393      31.2803
    1394      31.3657
    1395      31.1609
    1396      31.6207
    1397      31.8954
    1398      33.1538
    1399      34.0177
    1400      34.0408
    1401      35.1739
    1402      35.0394
    1403      35.0811
    1404      34.6047
    1405      34.5389
    1406      33.1814
    1407      34.2308
    1408      34.0261
    1409      33.9407
    1410      33.5396
    1411      33.3925
    1412      33.0267
    1413      31.0780
    1414      31.3311
    1415      31.8033
    1416      32.3191
    1417      32.7656
    1418      33.2207
    1419      32.7556
    1420      33.0316
    1421      32.3670
    1422      34.0658
    1423      34.8566
    1424      34.9856
    1425      34.6344
    1426      34.5944
    1427      33.9799
    1428      35.0991
    1429      34.3191
    1430      34.8967
    1431      35.2111
    1432      35.0059
    1433      34.0928
    1434      34.9545
    1435      34.7994
    1436      35.1877
    1437      34.7690
    1438      35.1872
    1439      34.5398
    1440      32.4644
    1441      31.4049
    1442      31.3718
    1443      32.1158
    1444      30.5426
    1445      30.6702
    1446      31.5583
    1447      32.8095
    1448      31.8597
    1449      31.1450
    1450      31.0484
    1451      31.8929
    1452      30.8932
    1453      30.9361
    1454      30.8313
    1455      30.7963
    1456      31.3564
    1457      30.0516
    1458      30.2476
    1459      30.1897
    1460      30.3647
    1461      29.9908
    1462      30.4112
    1463      30.6681
    1464      30.9044
    1465      31.2470
    1466      29.9807
    1467      29.9220
    1468      29.5301
    1469      29.1330
    1470      29.9079
    1471      29.1296
    1472      28.3980
    1473      27.5784
    1474      27.4557
    1475      28.3208
    1476      27.3100
    1477      27.8576
    1478      27.4917
    1479      28.7387
    1480      27.3618
    1481      28.1371
    1482      28.9366
    1483      28.9430
    1484      28.8962
    1485      28.0854
    1486      27.9767
    1487      29.4025
    1488      29.1808
    1489      28.7045
    1490      28.5746
    1491      28.8760
    1492      27.6878
    1493      28.0608
    1494      28.6927
    1495      28.2823
    1496      27.4212
    1497      27.4408
    1498      26.9662
    1499      27.1062
    1500      26.5991
    1501      27.4872
    1502      26.5927
    1503      26.8442
    1504      26.8181
    1505      26.5685
    1506      26.7224
    1507      27.0145
    1508      26.8415
    1509      26.9208
    1510      26.9793
    1511      27.6548
    1512      27.9673
    1513      27.6757
    1514      27.7134
    1515      27.5178
    1516      27.6852
    1517      27.3453
    1518      27.4062
    1519      27.3030
    1520      27.5070
    1521      27.2440
    1522      27.3806
    1523      27.7126
    1524      27.6850
    1525      28.3694
    1526      28.3336
    1527      29.0491
    1528      28.4424
    1529      28.9771
    1530      29.0804
    1531      29.4387
    1532      29.0725
    1533      30.0039
    1534      29.7699
    1535      30.3804
    1536      30.7719
    1537      30.1551
    1538      29.9205
    1539      30.2475
    1540      30.3141
    1541      30.0453
    1542      31.3139
    1543      30.4305
    1544      31.2991
    1545      30.9231
    1546      30.8344
    1547      31.5134
    1548      31.1091
    1549      31.8404
    1550      31.4014
    1551      31.0507
    1552      30.5733
    1553      30.6631
    1554      30.5355
    1555      30.4970
    1556      30.8873
    1557      30.1431
    1558      30.4343
    1559      29.5835
    1560      29.9356
    1561      30.0466
    1562      31.0094
    1563      30.5631
    1564      29.3422
    1565      31.0113
    1566      30.5958
    1567      29.9552
    1568      29.9881
    1569      31.0763
    1570      31.8078
    1571      31.3925
    1572      31.3522
    1573      31.5050
    1574      32.4700
    1575      32.5305
    1576      32.1960
    1577      33.0162
    1578      33.4974
    1579      33.2959
    1580      31.9933
    1581      32.4014
    1582      32.4992
    1583      32.6643
    1584      33.1473
    1585      32.7737
    1586      32.1060
    1587      32.9282
    1588      32.8471
    1589      31.9001
    1590      32.2070
    1591      32.8826
    1592      33.0285
    1593      32.9807
    1594      32.8981
    1595      33.5760
    1596      33.6471
    1597      35.2424
    1598      35.1738
    1599      35.0832
    1600      35.0393
    1601      34.7130
    1602      34.6506
    1603      35.0100
    1604      34.4264
    1605      34.9530
    1606      35.0237
    1607      34.8242
    1608      34.7961
    1609      35.0572
    1610      34.4535
    1611      34.8884
    1612      35.1472
    1613      34.4906
    1614      34.8712
    1615      35.1479
    1616      35.0181
    1617      35.0600
    1618      35.1499
    1619      35.0585
    1620      34.8429
    1621      34.5764
    1622      34.8923
    1623      34.5326
    1624      34.0614
    1625      35.0727
    1626      34.7598
    1627      34.9972
    1628      35.1108
    1629      35.1513
    1630      34.3706
    1631      33.0313
    1632      33.7369
    1633      34.9447
    1634      33.2432
    1635      33.2371
    1636      32.8060
    1637      33.2187
    1638      33.2172
    1639      33.3576
    1640      32.7722
    1641      33.5152
    1642      33.8206
    1643      33.2985
    1644      33.0080
    1645      32.6367
    1646      32.1991
    1647      33.1070
    1648      32.5956
    1649      33.3263
    1650      32.6326
    1651      33.1325
    1652      32.5570
    1653      31.9815
    1654      32.2224
    1655      32.0481
    1656      32.2099
    1657      32.1146
    1658      32.6924
    1659      31.8121
    1660      31.0485
    1661      31.1855
    1662      30.6908
    1663      29.9148
    1664      29.4419
    1665      29.5981
    1666      30.7014
    1667      30.6422
    1668      29.7214
    1669      30.4053
    1670      30.8641
    1671      31.3870
    1672      32.0398
    1673      32.6950
    1674      32.2534
    1675      33.3330
    1676      33.3612
    1677      33.2798
    1678      33.7230
    1679      33.4414
    1680      33.1662
    1681      33.5446
    1682      35.1172
    1683      35.0289
    1684      34.9220
    1685      34.5560
    1686      35.0904
    1687      34.8274
    1688      35.2541
    1689      35.1904
    1690      35.1725
    1691      34.9061
    1692      34.6876
    1693      34.9679
    1694      35.2564
    1695      34.9491
    1696      35.2140
    1697      34.4123
    1698      34.9579
    1699      34.2824
    1700      34.7379
    1701      35.2610
    1702      34.2595
    1703      35.1696
    1704      35.0190
    1705      34.6742
    1706      35.1000
    1707      35.0688
    1708      33.3172
    1709      31.9303
    1710      31.8909
    1711      32.4818
    1712      32.7592
    1713      33.2000
    1714      32.6799
    1715      32.7659
    1716      31.6355
    1717      32.0986
    1718      32.1045
    1719      32.9312
    1720      32.4891
    1721      32.4923
    1722      32.6548
    1723      33.2521
    1724      33.7840
    1725      33.1464
    1726      32.6824
    1727      32.9997
    1728      33.0404
    1729      33.6805
    1730      32.6656
    1731      32.3893
    1732      31.1055
    1733      32.0578
    1734      31.6404
    1735      31.3323
    1736      32.0775
    1737      33.0247
    1738      33.0800
    1739      32.8444
    1740      33.3015
    1741      33.0077
    1742      31.8635
    1743      32.0647
    1744      32.4226
    1745      32.8401
    1746      33.0515
    1747      32.0257
    1748      31.2901
    1749      30.5607
    1750      30.2936
