#Frame     end-to-end
       1      10.9401
       2       9.9266
       3      10.2311
       4      10.1255
       5       9.9957
       6      10.7176
       7      10.4093
       8      10.8263
       9      10.9941
      10      11.0026
      11      11.0930
      12      11.1556
      13      10.8735
      14      10.4344
      15      10.6685
      16       9.9155
      17      10.5508
      18       9.6062
      19      10.4471
      20      10.5640
      21      10.8409
      22      10.9050
      23      11.0119
      24      10.4845
      25      11.5890
      26      10.7922
      27      11.0503
      28      11.0684
      29      10.8265
      30      11.3316
      31      11.7558
      32      11.1543
      33      11.0889
      34      11.8592
      35      11.9264
      36      12.5327
      37      12.5480
      38      13.4397
      39      13.6100
      40      12.7933
      41      13.3539
      42      13.4385
      43      12.5941
      44      12.9492
      45      12.9990
      46      13.0101
      47      13.5667
      48      14.7888
      49      14.0020
      50      13.8602
      51      13.9164
      52      13.8309
      53      14.3938
      54      14.3915
      55      14.3316
      56      14.0489
      57      14.1079
      58      14.6721
      59      14.8143
      60      14.7369
      61      14.4561
      62      13.9602
      63      13.6934
      64      14.2080
      65      15.0223
      66      14.9232
      67      15.4021
      68      15.5402
      69      15.1844
      70      15.4297
      71      15.2846
      72      16.5292
      73      15.3223
      74      15.7278
      75      15.4247
      76      15.2725
      77      14.7826
      78      14.7890
      79      14.2381
      80      14.1887
      81      14.4370
      82      13.7359
      83      14.6672
      84      14.5154
      85      14.7943
      86      14.3560
      87      14.6190
      88      15.0491
      89      14.3311
      90      14.8259
      91      15.3059
      92      15.1726
      93      13.9066
      94      13.6411
      95      13.6105
      96      13.5227
      97      13.9539
      98      12.8585
      99      13.0644
     100      12.7896
     101      13.0845
     102      13.0374
     103      12.8713
     104      13.1152
     105      13.2113
     106      13.8322
     107      13.4666
     108      13.3100
     109      13.4864
     110      14.1338
     111      14.5380
     112      14.7038
     113      14.7882
     114      14.9995
     115      15.5928
     116      15.5954
     117      15.1328
     118      15.8167
     119      15.9366
     120      16.3333
     121      15.7918
     122      16.6088
     123      16.6222
     124      16.2986
     125      16.8027
     126      16.8126
     127      17.1985
     128      16.8815
     129      17.0062
     130      16.2630
     131      16.6051
     132      16.6223
     133      15.9951
     134      16.5904
     135      16.7794
     136      16.8645
     137      17.3452
     138      17.9257
     139      17.6842
     140      17.7703
     141      18.3211
     142      18.2348
     143      18.1952
     144      18.6845
     145      18.4662
     146      19.2339
     147      18.9642
     148      19.9604
     149      19.3724
     150      19.7933
     151      19.3205
     152      19.3809
     153      18.8044
     154      18.9863
     155      18.9776
     156      19.5797
     157      19.6512
     158      20.1037
     159      20.5634
     160      20.8476
     161      20.8507
     162      21.0900
     163      21.4064
     164      21.1321
     165      20.5153
     166      20.8738
     167      21.0951
     168      20.8425
     169      21.2416
     170      21.7804
     171      21.9314
     172      21.5543
     173      21.5209
     174      22.1391
     175      23.7368
     176      24.2435
     177      24.2617
     178      24.1536
     179      23.3502
     180      23.6821
     181      23.8746
     182      23.6426
     183      23.1554
     184      23.0526
     185      23.8865
     186      25.0873
     187      23.8884
     188      24.2105
     189      24.6266
     190      24.5982
     191      24.5329
     192      25.7872
     193      26.2632
     194      26.8714
     195      27.3021
     196      28.9961
     197      28.4720
     198      29.4332
     199      28.8919
     200      29.9519
     201      30.3627
     202      30.7444
     203      31.0320
     204      30.5917
     205      31.2519
     206      31.7053
     207      31.5784
     208      31.7180
     209      31.9673
     210      31.6834
     211      31.9011
     212      32.4775
     213      32.6375
     214      32.7726
     215      32.5609
     216      31.8461
     217      32.3149
     218      32.7904
     219      32.9510
     220      33.0844
     221      33.1332
     222      32.3345
     223      31.5059
     224      30.7894
     225      30.3422
     226      30.8259
     227      30.9670
     228      29.9241
     229      30.5388
     230      30.6240
     231      30.0467
     232      29.8540
     233      30.1858
     234      30.7652
     235      30.3613
     236      29.8277
     237      29.3779
     238      29.6469
     239      29.4348
     240      29.3791
     241      29.3887
     242      28.7021
     243      29.7664
     244      29.7975
     245      29.9905
     246      28.1751
     247      27.5035
     248      27.8391
     249      27.7486
     250      27.3649
     251      27.2114
     252      25.6663
     253      25.5420
     254      25.6182
     255      25.4866
     256      25.3125
     257      25.7550
     258      25.3714
     259      25.3818
     260      25.0956
     261      24.3795
     262      24.5068
     263      23.9526
     264      24.1736
     265      23.9241
     266      23.7180
     267      23.6175
     268      23.7458
     269      24.1179
     270      24.2005
     271      24.1611
     272      23.7911
     273      23.6525
     274      23.7568
     275      23.0432
     276      24.0817
     277      23.0519
     278      23.4377
     279      23.4020
     280      22.6839
     281      22.8358
     282      22.2589
     283      22.4201
     284      22.4677
     285      22.0281
     286      21.9895
     287      22.1446
     288      21.8609
     289      21.0631
     290      20.6739
     291      20.2575
     292      20.4081
     293      20.7148
     294      20.9519
     295      21.3788
     296      22.2094
     297      22.4923
     298      22.1889
     299      22.6459
     300      22.6548
     301      22.8970
     302      22.9120
     303      22.9488
     304      23.4113
     305      23.2139
     306      24.5011
     307      23.4871
     308      22.8753
     309      23.6978
     310      23.3969
     311      23.7218
     312      24.2971
     313      24.5952
     314      25.0737
     315      25.3388
     316      26.0010
     317      25.9452
     318      26.2538
     319      26.7876
     320      27.4190
     321      27.5718
     322      27.0378
     323      29.0482
     324      29.6309
     325      29.8936
     326      30.7712
     327      31.5569
     328      30.7849
     329      30.7494
     330      32.1890
     331      31.6070
     332      32.5121
     333      31.6963
     334      31.1521
     335      30.5075
     336      30.0065
     337      30.6521
     338      30.5268
     339      30.6670
     340      31.3340
     341      31.6784
     342      32.5673
     343      33.0826
     344      32.2240
     345      32.1687
     346      33.3190
     347      33.0675
     348      33.3382
     349      33.6196
     350      33.4884
     351      33.1749
     352      33.7536
     353      33.7207
     354      32.8922
     355      32.3420
     356      31.4942
     357      31.6866
     358      32.5480
     359      32.2230
     360      32.7385
     361      33.3082
     362      34.6412
     363      35.5079
     364      36.4009
     365      35.9174
     366      36.0632
     367      35.8494
     368      35.8562
     369      36.1911
     370      36.2355
     371      36.1852
     372      36.2563
     373      36.0508
     374      36.2664
     375      35.9920
     376      36.2194
     377      36.6627
     378      36.3877
     379      36.2203
     380      36.1826
     381      35.1423
     382      35.2828
     383      35.3385
     384      35.3037
     385      34.7777
     386      34.5271
     387      34.6787
     388      34.8687
     389      34.6035
     390      34.5283
     391      34.2556
     392      34.3211
     393      34.6959
     394      33.7543
     395      32.8744
     396      32.7785
     397      32.7161
     398      31.4915
     399      30.6676
     400      31.2409
     401      31.4040
     402      31.4988
     403      31.1262
     404      31.4157
     405      31.0945
     406      30.6225
     407      31.5104
     408      32.5295
     409      32.3712
     410      32.1692
     411      32.2612
     412      32.0396
     413      32.3002
     414      32.0087
     415      32.1474
     416      31.7585
     417      33.2333
     418      32.7319
     419      33.2552
     420      33.7831
     421      33.6382
     422      33.5951
     423      33.3537
     424      33.7707
     425      34.6917
     426      34.6542
     427      34.6979
     428      35.6840
     429      35.6008
     430      36.9291
     431      36.6484
     432      36.5697
     433      37.3495
     434      36.2225
     435      35.5928
     436      35.4376
     437      33.8503
     438      35.0916
     439      34.9398
     440      35.9915
     441      35.4107
     442      35.0837
     443      34.3432
     444      34.0233
     445      33.9291
     446      33.7915
     447      33.7740
     448      32.3760
     449      31.2133
     450      32.5560
     451      31.6260
     452      31.8192
     453      32.4921
     454      32.6657
     455      33.6678
     456      33.2569
     457      32.7729
     458      32.5864
     459      33.8078
     460      33.3568
     461      33.4479
     462      33.7922
     463      34.4087
     464      33.9386
     465      33.2085
     466      33.6162
     467      33.9386
     468      33.9483
     469      33.5135
     470      33.6095
     471      34.3930
     472      32.9368
     473      32.7747
     474      32.7464
     475      32.8328
     476      32.7853
     477      32.5966
     478      32.0525
     479      32.5459
     480      32.5652
     481      31.9020
     482      31.1528
     483      30.2221
     484      31.0242
     485      30.8666
     486      29.8469
     487      29.1351
     488      29.0824
     489      29.1571
     490      29.3505
     491      30.2153
     492      31.4612
     493      32.0449
     494      31.7384
     495      31.3196
     496      30.7478
     497      30.3785
     498      29.5409
     499      28.1539
     500      26.8241
     501      26.4517
     502      26.8046
     503      26.9229
     504      26.4197
     505      26.6507
     506      26.6897
     507      27.0384
     508      26.5947
     509      26.3153
     510      26.5926
     511      26.0982
     512      25.5724
     513      25.9711
     514      26.6380
     515      26.1246
     516      25.7455
     517      25.4807
     518      26.8983
     519      25.9673
     520      26.5822
     521      25.9200
     522      25.8075
     523      24.3839
     524      23.4611
     525      22.7228
     526      21.8986
     527      21.9712
     528      22.3838
     529      22.0465
     530      22.5125
     531      22.6721
     532      22.6276
     533      22.3786
     534      22.5657
     535      22.2824
     536      22.5718
     537      22.4854
     538      21.4904
     539      22.0414
     540      22.5626
     541      21.9669
     542      21.8915
     543      21.9167
     544      21.5668
     545      21.9219
     546      21.6000
     547      21.4450
     548      21.0839
     549      21.6190
     550      21.0934
     551      21.2958
     552      20.7489
     553      21.2853
     554      21.3147
     555      21.4004
     556      21.6920
     557      21.2629
     558      20.8087
     559      21.2142
     560      21.4653
     561      22.0991
     562      22.2845
     563      21.9295
     564      22.3422
     565      22.9716
     566      22.3304
     567      22.5814
     568      22.5088
     569      22.0531
     570      21.2105
     571      21.0631
     572      21.0589
     573      22.0074
     574      21.6136
     575      21.6796
     576      21.6135
     577      21.3197
     578      21.7215
     579      21.9611
     580      21.4886
     581      22.5113
     582      22.1242
     583      22.2548
     584      21.8771
     585      22.1330
     586      22.6240
     587      22.2525
     588      22.6229
     589      22.0454
     590      21.7710
     591      21.6604
     592      21.3730
     593      21.4770
     594      21.9375
     595      22.1516
     596      21.5500
     597      21.9022
     598      21.3750
     599      22.3190
     600      22.3709
     601      22.1451
     602      22.7544
     603      22.6902
     604      22.7366
     605      23.2881
     606      23.4160
     607      23.4738
     608      23.4736
     609      23.8164
     610      24.0229
     611      23.6748
     612      24.1676
     613      23.8088
     614      23.7833
     615      24.3129
     616      24.9150
     617      24.2133
     618      24.2902
     619      23.4574
     620      23.7530
     621      23.4148
     622      24.3021
     623      23.7776
     624      23.4515
     625      22.9204
     626      22.9366
     627      23.4459
     628      23.6719
     629      24.4756
     630      24.3323
     631      24.9357
     632      24.2619
     633      24.6774
     634      25.4239
     635      24.9676
     636      24.8491
     637      25.5163
     638      25.5243
     639      24.7530
     640      25.1316
     641      25.5952
     642      26.2359
     643      24.9305
     644      24.6888
     645      24.9664
     646      26.0303
     647      26.3601
     648      26.6601
     649      27.1584
     650      26.8623
     651      27.3957
     652      27.2943
     653      26.8449
     654      27.3670
     655      26.6433
     656      27.0076
     657      27.7334
     658      28.2139
     659      29.2369
     660      28.9837
     661      30.2314
     662      31.1283
     663      31.0101
     664      30.9678
     665      31.0980
     666      30.8320
     667      32.6090
     668      32.9937
     669      33.3309
     670      32.9916
     671      33.9053
     672      34.2368
     673      34.5547
     674      35.0837
     675      35.1475
     676      33.7132
     677      33.2354
     678      33.0754
     679      33.4797
     680      33.5968
     681      33.4800
     682      34.2710
     683      33.7283
     684      33.7669
     685      33.4798
     686      33.0260
     687      32.9389
     688      32.7301
     689      32.7125
     690      31.9817
     691      32.7486
     692      33.6657
     693      33.5794
     694      33.2465
     695      32.4073
     696      31.9924
     697      32.0322
     698      31.7825
     699      31.7570
     700      31.0888
     701      31.1112
     702      30.2162
     703      29.3032
     704      29.5734
     705      30.3681
     706      31.4400
     707      30.8215
     708      30.9055
     709      30.3133
     710      30.4524
     711      30.1619
     712      30.4989
     713      29.7030
     714      29.3854
     715      28.3416
     716      27.9597
     717      29.0310
     718      29.1944
     719      28.9877
     720      29.1809
     721      29.0292
     722      28.9583
     723      28.8982
     724      28.3012
     725      27.6845
     726      27.8131
     727      27.6778
     728      27.6861
     729      27.5273
     730      27.7097
     731      27.3989
     732      27.4167
     733      27.5303
     734      27.3936
     735      27.7515
     736      28.2845
     737      28.2397
     738      28.4186
     739      28.5538
     740      28.4874
     741      29.8146
     742      31.7672
     743      31.5942
     744      32.5616
     745      32.5474
     746      33.0715
     747      32.9471
     748      32.3534
     749      31.9024
     750      33.8164
     751      34.1224
     752      33.9533
     753      33.6868
     754      34.5290
     755      33.7758
     756      33.8708
     757      33.6722
     758      34.3231
     759      33.7820
     760      33.7974
     761      33.8967
     762      33.9948
     763      34.1298
     764      33.4081
     765      32.6651
     766      32.8874
     767      33.2678
     768      32.9455
     769      33.6147
     770      32.8065
     771      32.6649
     772      32.8041
     773      32.8946
     774      33.1830
     775      34.4189
     776      33.3052
     777      32.7322
     778      32.3735
     779      31.8874
     780      30.5792
     781      30.3815
     782      29.5540
     783      29.8137
     784      29.6214
     785      29.6803
     786      29.5725
     787      28.6416
     788      29.6362
     789      30.1139
     790      30.2761
     791      31.7795
     792      31.3356
     793      31.4758
     794      29.7366
     795      29.7912
     796      29.3359
     797      29.7503
     798      28.8198
     799      28.1379
     800      27.8395
     801      28.1717
     802      27.7687
     803      26.2895
     804      26.4012
     805      25.8347
     806      25.5530
     807      25.8440
     808      25.3775
     809      25.4930
     810      25.4738
     811      26.1529
     812      25.7714
     813      25.5841
     814      25.6534
     815      26.2039
     816      25.9001
     817      25.3286
     818      25.3812
     819      25.9985
     820      25.8429
     821      26.0902
     822      26.4113
     823      26.9590
     824      27.1163
     825      27.3016
     826      27.6562
     827      27.2929
     828      26.8543
     829      26.8520
     830      27.1405
     831      27.4365
     832      27.6641
     833      27.4269
     834      27.7698
     835      27.4550
     836      27.0387
     837      26.8857
     838      26.2851
     839      26.4587
     840      25.9618
     841      25.3601
     842      24.6787
     843      24.6301
     844      24.8872
     845      25.0184
     846      24.2363
     847      23.6951
     848      23.6147
     849      23.4301
     850      23.1471
     851      23.7628
     852      23.7975
     853      23.7072
     854      23.4853
     855      24.1024
     856      22.8892
     857      23.0429
     858      22.2587
     859      22.2018
     860      22.1020
     861      22.1941
     862      21.9880
     863      22.1228
     864      21.6963
     865      22.9588
     866      23.0121
     867      23.5819
     868      23.6049
     869      22.9310
     870      23.5090
     871      23.5998
     872      22.9675
     873      23.0320
     874      22.7615
     875      23.0247
     876      22.4633
     877      22.1844
     878      22.2710
     879      22.7990
     880      22.6210
     881      22.7006
     882      22.6019
     883      23.3010
     884      22.8426
     885      23.0493
     886      23.2365
     887      23.2805
     888      23.3029
     889      23.8901
     890      23.8650
     891      24.1426
     892      24.1603
     893      23.4996
     894      22.8283
     895      23.3979
     896      23.5232
     897      24.4165
     898      24.1110
     899      24.6029
     900      24.4807
     901      24.4407
     902      23.9376
     903      24.0622
     904      24.0447
     905      23.6668
     906      23.9990
     907      24.8672
     908      24.1507
     909      24.3230
     910      23.9581
     911      24.3616
     912      23.7894
     913      22.7806
     914      23.6146
     915      23.7291
     916      23.9711
     917      23.8283
     918      23.5671
     919      23.2556
     920      23.0747
     921      22.6952
     922      22.6452
     923      23.0228
     924      22.4494
     925      22.6029
     926      22.9899
     927      22.5601
     928      22.4412
     929      22.4457
     930      21.7863
     931      21.9893
     932      22.1032
     933      22.1158
     934      22.0268
     935      21.7743
     936      21.5569
     937      21.7124
     938      22.1505
     939      22.0168
     940      22.2354
     941      21.5480
     942      21.3178
     943      21.6143
     944      21.6477
     945      22.2776
     946      22.4241
     947      21.9701
     948      22.3271
     949      21.9517
     950      21.6365
     951      21.7620
     952      22.3971
     953      21.9523
     954      21.7362
     955      21.6324
     956      21.9565
     957      21.8097
     958      22.1773
     959      21.6694
     960      21.8191
     961      21.6075
     962      21.5041
     963      21.9286
     964      21.9298
     965      21.7727
     966      21.7138
     967      21.4510
     968      21.3756
     969      21.4670
     970      21.8409
     971      21.3171
     972      21.8356
     973      21.8361
     974      22.2237
     975      21.8085
     976      22.1565
     977      21.9520
     978      21.7394
     979      21.5488
     980      21.7611
     981      21.6500
     982      22.0527
     983      22.5146
     984      22.9935
     985      22.6589
     986      24.6092
     987      25.1005
     988      25.2179
     989      26.2940
     990      26.2333
     991      26.4644
     992      25.9036
     993      26.5349
     994      26.2759
     995      26.6679
     996      25.0314
     997      25.8677
     998      26.2445
     999      26.5360
    1000      26.8147
    1001      26.7729
    1002      26.8276
    1003      26.7697
    1004      26.8077
    1005      26.8853
    1006      26.7961
    1007      27.0960
    1008      27.1935
    1009      26.8912
    1010      27.6545
    1011      27.6283
    1012      27.0101
    1013      27.1247
    1014      27.5310
    1015      27.1895
    1016      27.0990
    1017      27.5073
    1018      28.3271
    1019      28.6818
    1020      28.6235
    1021      28.6806
    1022      29.0133
    1023      28.8094
    1024      29.5321
    1025      29.5109
    1026      28.9994
    1027      28.6239
    1028      27.5518
    1029      28.7379
    1030      27.9995
    1031      27.8540
    1032      27.5850
    1033      28.4699
    1034      28.2705
    1035      28.7635
    1036      28.7447
    1037      28.8980
    1038      28.8965
    1039      28.7376
    1040      28.7395
    1041      29.0879
    1042      29.6449
    1043      29.0810
    1044      29.4149
    1045      29.1250
    1046      29.5501
    1047      29.1559
    1048      29.1703
    1049      30.1778
    1050      30.7358
    1051      30.4765
    1052      30.7446
    1053      30.9844
    1054      31.6234
    1055      31.5496
    1056      31.5093
    1057      31.6761
    1058      31.6588
    1059      32.0383
    1060      32.2953
    1061      32.0543
    1062      31.7190
    1063      31.6617
    1064      31.6707
    1065      32.2161
    1066      31.9296
    1067      32.1536
    1068      32.1473
    1069      31.5303
    1070      31.5344
    1071      31.5757
    1072      31.4467
    1073      31.3001
    1074      31.3313
    1075      31.5587
    1076      31.7466
    1077      31.3763
    1078      31.4068
    1079      31.1848
    1080      31.4780
    1081      30.9543
    1082      31.3469
    1083      30.5357
    1084      29.8891
    1085      29.7532
    1086      29.5002
    1087      29.4025
    1088      29.3460
    1089      30.0539
    1090      29.7581
    1091      29.7703
    1092      29.5162
    1093      29.8578
    1094      29.9193
    1095      29.3295
    1096      28.9267
    1097      28.7540
    1098      28.3838
    1099      28.6965
    1100      28.1972
    1101      27.8983
    1102      28.0701
    1103      27.8321
    1104      28.4257
    1105      28.6057
    1106      27.8562
    1107      27.8701
    1108      27.7304
    1109      27.2781
    1110      27.4372
    1111      28.0684
    1112      28.2517
    1113      27.8986
    1114      28.3720
    1115      27.5161
    1116      27.2024
    1117      27.7544
    1118      26.7296
    1119      26.9440
    1120      26.9219
    1121      26.3539
    1122      26.5997
    1123      26.5857
    1124      27.0946
    1125      27.7677
    1126      28.1940
    1127      27.2957
    1128      27.6601
    1129      28.1370
    1130      27.3425
    1131      27.8734
    1132      27.4286
    1133      27.5172
    1134      27.6811
    1135      27.6430
    1136      27.5102
    1137      26.9940
    1138      27.3969
    1139      27.9071
    1140      28.3474
    1141      27.0866
    1142      27.6995
    1143      25.6598
    1144      25.2349
    1145      24.7195
    1146      24.5791
    1147      24.8204
    1148      24.3953
    1149      24.2735
    1150      24.0884
    1151      24.3204
    1152      24.6785
    1153      24.4456
    1154      24.2963
    1155      24.6184
    1156      24.4592
    1157      23.9791
    1158      24.0005
    1159      23.8566
    1160      24.1769
    1161      23.9358
    1162      24.7020
    1163      24.3148
    1164      23.9780
    1165      24.2105
    1166      24.1953
    1167      24.0382
    1168      24.1216
    1169      24.4677
    1170      25.5263
    1171      25.1326
    1172      25.3799
    1173      25.1616
    1174      25.1661
    1175      25.1323
    1176      25.2436
    1177      24.8926
    1178      25.3239
    1179      25.2224
    1180      25.1615
    1181      25.0670
    1182      24.9436
    1183      25.4978
    1184      24.6397
    1185      25.2744
    1186      25.7860
    1187      25.3403
    1188      25.5408
    1189      25.2015
    1190      25.3353
    1191      25.5833
    1192      25.9560
    1193      25.1501
    1194      25.6942
    1195      25.8264
    1196      25.9389
    1197      26.3520
    1198      26.3690
    1199      26.2130
    1200      26.9840
    1201      27.3974
    1202      27.1040
    1203      27.7638
    1204      27.4240
    1205      27.7241
    1206      28.0453
    1207      27.9452
    1208      28.3018
    1209      27.5227
    1210      27.7560
    1211      27.6370
    1212      28.3626
    1213      28.6110
    1214      29.5544
    1215      29.6803
    1216      29.5902
    1217      29.7907
    1218      29.8846
    1219      29.9187
    1220      29.7444
    1221      30.1755
    1222      30.4631
    1223      31.7465
    1224      32.7511
    1225      32.3886
    1226      32.5121
    1227      31.7584
    1228      32.2802
    1229      32.7161
    1230      32.6125
    1231      32.8097
    1232      32.7990
    1233      32.6836
    1234      31.8451
    1235      31.7593
    1236      32.2546
    1237      30.4908
    1238      30.9910
    1239      30.4728
    1240      29.8439
    1241      29.0704
    1242      29.3435
    1243      30.4789
    1244      30.1343
    1245      29.2718
    1246      29.5352
    1247      29.0051
    1248      29.6133
    1249      29.0145
    1250      29.6419
    1251      29.4421
    1252      30.0953
    1253      29.8801
    1254      28.1035
    1255      28.1743
    1256      27.6893
    1257      27.9008
    1258      28.5892
    1259      28.6362
    1260      28.4097
    1261      28.0142
    1262      27.6591
    1263      27.7795
    1264      27.2870
    1265      26.7667
    1266      26.4257
    1267      25.9542
    1268      25.8483
    1269      25.3239
    1270      25.1888
    1271      25.8877
    1272      25.1891
    1273      24.9994
    1274      25.1688
    1275      24.6136
    1276      25.1478
    1277      25.7544
    1278      25.1816
    1279      25.4686
    1280      25.0825
    1281      25.7247
    1282      25.0966
    1283      24.5965
    1284      24.7373
    1285      24.1775
    1286      24.2117
    1287      22.9992
    1288      23.0446
    1289      22.3884
    1290      22.1918
    1291      21.5366
    1292      21.7382
    1293      21.6848
    1294      20.9472
    1295      21.1212
    1296      21.0836
    1297      21.2798
    1298      21.4731
    1299      21.0423
    1300      21.1297
    1301      21.3389
    1302      21.2786
    1303      21.2121
    1304      21.7884
    1305      22.1241
    1306      22.8957
    1307      23.5479
    1308      23.6855
    1309      23.3789
    1310      22.7811
    1311      22.1035
    1312      22.8884
    1313      22.8854
    1314      22.6655
    1315      22.5265
    1316      21.9364
    1317      22.2269
    1318      22.2865
    1319      22.3934
    1320      21.9277
    1321      22.0153
    1322      21.3021
    1323      21.7709
    1324      21.3039
    1325      20.8862
    1326      21.2414
    1327      20.9894
    1328      21.3126
    1329      21.4218
    1330      21.8469
    1331      20.6191
    1332      19.4923
    1333      19.3724
    1334      19.4079
    1335      19.1409
    1336      19.0987
    1337      19.1695
    1338      19.2351
    1339      19.2656
    1340      19.5590
    1341      19.1307
    1342      18.9196
    1343      18.7042
    1344      18.8493
    1345      18.8267
    1346      19.3177
    1347      19.1154
    1348      19.1867
    1349      19.1169
    1350      19.1604
    1351      19.2488
    1352      19.4493
    1353      19.2552
    1354      19.6889
    1355      19.1156
    1356      18.3901
    1357      18.7546
    1358      18.0007
    1359      18.4275
    1360      18.1578
    1361      18.2038
    1362      18.0373
    1363      18.1459
    1364      18.4455
    1365      18.2396
    1366      18.1847
    1367      17.6488
    1368      17.1479
    1369      17.2822
    1370      17.1306
    1371      16.8775
    1372      17.1667
    1373      17.5676
    1374      17.0491
    1375      17.1900
    1376      17.0365
    1377      17.5813
    1378      17.3623
    1379      17.7035
    1380      17.8810
    1381      17.7989
    1382      17.9028
    1383      18.1003
    1384      17.6697
    1385      17.1329
    1386      16.2489
    1387      15.9768
    1388      15.8617
    1389      15.3918
    1390      15.7494
    1391      15.2202
    1392      15.0941
    1393      15.3684
    1394      15.1670
    1395      15.6300
    1396      14.6918
    1397      14.8007
    1398      15.1206
    1399      14.8057
    1400      15.0437
    1401      14.9155
    1402      14.6600
    1403      14.7767
    1404      14.4577
    1405      15.0321
    1406      14.7636
    1407      14.9927
    1408      14.7102
    1409      15.0351
    1410      14.8991
    1411      14.9701
    1412      15.0087
    1413      14.9108
    1414      14.7416
    1415      14.6530
    1416      14.7544
    1417      15.1273
    1418      14.7947
    1419      15.0447
    1420      15.4243
    1421      14.8851
    1422      14.7959
    1423      15.0506
    1424      15.1506
    1425      15.0656
    1426      15.2575
    1427      15.6212
    1428      14.9553
    1429      15.4305
    1430      15.0416
    1431      15.3450
    1432      15.3608
    1433      15.3485
    1434      15.2452
    1435      14.9949
    1436      15.6253
    1437      15.4008
    1438      15.4811
    1439      15.4107
    1440      15.6459
    1441      15.4477
    1442      15.6610
    1443      15.5759
    1444      15.6746
    1445      15.7278
    1446      15.4914
    1447      15.4915
    1448      15.8036
    1449      15.5444
    1450      15.9355
    1451      15.4378
    1452      14.9913
    1453      14.6741
    1454      15.3609
    1455      15.3588
    1456      14.9269
    1457      15.2609
    1458      14.9867
    1459      14.8290
    1460      15.1272
    1461      14.9106
    1462      15.2666
    1463      15.0277
    1464      14.9479
    1465      14.9280
    1466      14.6348
    1467      15.0666
    1468      14.3443
    1469      14.2425
    1470      14.3539
    1471      14.4384
    1472      14.6663
    1473      14.4191
    1474      14.5860
    1475      14.4483
    1476      14.1885
    1477      14.6710
    1478      14.4851
    1479      14.5286
    1480      14.8411
    1481      14.5353
    1482      14.2490
    1483      14.9675
    1484      14.6121
    1485      14.6295
    1486      14.6607
    1487      14.2238
    1488      14.3896
    1489      14.3972
    1490      15.0294
    1491      14.8921
    1492      14.5364
    1493      14.9081
    1494      14.7815
    1495      14.9680
    1496      14.8156
    1497      14.8166
    1498      15.0287
    1499      14.9735
    1500      14.5801
    1501      15.2035
    1502      15.2455
    1503      15.1012
    1504      15.2844
    1505      14.7196
    1506      15.2637
    1507      15.2293
    1508      14.8023
    1509      15.1991
    1510      15.3471
    1511      15.4400
    1512      15.0578
    1513      14.6472
    1514      14.6178
    1515      14.8677
    1516      14.5730
    1517      14.8196
    1518      14.6991
    1519      14.5796
    1520      14.7775
    1521      15.5089
    1522      15.7692
    1523      14.8907
    1524      14.6738
    1525      14.5667
    1526      14.8012
    1527      15.0089
    1528      14.8610
    1529      14.4441
    1530      14.3694
    1531      15.1972
    1532      15.4431
    1533      15.2478
    1534      15.1738
    1535      14.8056
    1536      14.5322
    1537      14.8838
    1538      15.1755
    1539      14.5557
    1540      14.8157
    1541      15.0343
    1542      14.8907
    1543      14.7934
    1544      14.7678
    1545      14.5850
    1546      14.6422
    1547      14.6426
    1548      14.8080
    1549      14.7928
    1550      15.0157
    1551      14.4069
    1552      14.7073
    1553      14.6726
    1554      14.4699
    1555      14.7319
    1556      14.3196
    1557      14.1557
    1558      14.3439
    1559      14.2891
    1560      14.4285
    1561      13.9472
    1562      14.2240
    1563      14.1427
    1564      14.5746
    1565      14.1241
    1566      14.2162
    1567      14.1826
    1568      14.3692
    1569      14.2030
    1570      14.0809
    1571      14.0252
    1572      14.1673
    1573      14.4255
    1574      14.0758
    1575      14.0610
    1576      13.7686
    1577      13.4577
    1578      13.4967
    1579      13.7645
    1580      14.1856
    1581      13.8359
    1582      14.0039
    1583      14.1966
    1584      14.1754
    1585      13.9649
    1586      14.0406
    1587      14.6044
    1588      14.4632
    1589      14.5694
    1590      13.9701
    1591      14.2251
    1592      13.9171
    1593      13.8710
    1594      13.9641
    1595      13.8523
    1596      14.3036
    1597      14.9291
    1598      15.6756
    1599      14.7170
    1600      15.0702
    1601      14.6666
    1602      14.8990
    1603      14.7135
    1604      14.8180
    1605      15.1033
    1606      14.8489
    1607      15.3806
    1608      14.8262
    1609      14.9501
    1610      15.0879
    1611      14.4294
    1612      14.3605
    1613      14.9479
    1614      14.8787
    1615      14.4759
    1616      15.1565
    1617      15.4335
    1618      15.0796
    1619      14.0755
    1620      14.5591
    1621      13.8014
    1622      13.2835
    1623      13.2970
    1624      13.2747
    1625      13.6764
    1626      13.6474
    1627      13.6441
    1628      13.5249
    1629      13.3804
    1630      13.1801
    1631      13.3993
    1632      13.5200
    1633      13.4103
    1634      13.6628
    1635      13.3458
    1636      13.8259
    1637      13.6166
    1638      13.2663
    1639      13.1228
    1640      13.3321
    1641      13.3008
    1642      12.9848
    1643      13.4912
    1644      13.4141
    1645      13.5281
    1646      12.9513
    1647      13.5191
    1648      13.9385
    1649      13.2473
    1650      13.5355
    1651      13.4583
    1652      13.5888
    1653      13.6186
    1654      13.2098
    1655      13.5023
    1656      13.7846
    1657      14.1450
    1658      14.2358
    1659      14.3884
    1660      14.5618
    1661      15.2142
    1662      14.7571
    1663      14.3957
    1664      14.3554
    1665      13.9622
    1666      14.5290
    1667      14.1267
    1668      14.7749
    1669      14.6467
    1670      14.5313
    1671      14.5949
    1672      14.4904
    1673      14.1004
    1674      14.7969
    1675      14.4760
    1676      14.2643
    1677      14.3397
    1678      14.5671
    1679      14.4737
    1680      15.1430
    1681      14.8678
    1682      14.6484
    1683      14.5234
    1684      14.3813
    1685      14.6358
    1686      14.6997
    1687      14.3161
    1688      14.1442
    1689      15.0388
    1690      14.4306
    1691      14.4733
    1692      14.4697
    1693      13.9845
    1694      14.4656
    1695      13.8969
    1696      13.9445
    1697      14.4647
    1698      14.2533
    1699      14.2181
    1700      14.3951
    1701      14.6318
    1702      14.3881
    1703      14.1005
    1704      14.4179
    1705      14.4950
    1706      14.1216
    1707      14.1308
    1708      14.2624
    1709      14.2329
    1710      14.6052
    1711      14.2353
    1712      13.7528
    1713      13.5906
    1714      14.1718
    1715      14.5368
    1716      14.4542
    1717      14.5171
    1718      14.3245
    1719      14.8464
    1720      15.6526
    1721      16.0215
    1722      15.7083
    1723      15.6615
    1724      15.7112
    1725      16.1246
    1726      16.2362
    1727      16.7248
    1728      16.8344
    1729      16.7129
    1730      16.2701
    1731      16.6483
    1732      16.8506
    1733      16.7714
    1734      17.1967
    1735      16.9057
    1736      17.3551
    1737      17.7905
    1738      17.9471
    1739      17.5017
    1740      17.8470
    1741      17.9612
    1742      17.6819
    1743      17.7388
    1744      17.4112
    1745      17.5837
    1746      17.7033
    1747      17.3235
    1748      17.4490
    1749      17.5251
    1750      17.9019
