#Frame     end-to-end
       1      12.2879
       2      12.0985
       3      11.9629
       4      11.8819
       5      12.0250
       6      12.6448
       7      12.4408
       8      12.3494
       9      11.8013
      10      12.3734
      11      11.8827
      12      11.7183
      13      12.4226
      14      12.6161
      15      12.4248
      16      12.8548
      17      12.6564
      18      12.3886
      19      11.8185
      20      10.4623
      21      10.8930
      22      11.2672
      23      11.2041
      24      10.6151
      25      10.7034
      26      10.7976
      27      10.4730
      28      10.6450
      29      10.6454
      30      10.6152
      31      10.3785
      32      10.1564
      33      10.5203
      34      10.4856
      35       9.9255
      36      10.2577
      37       9.9858
      38      10.1699
      39       9.8441
      40      10.4802
      41      10.8628
      42      10.6907
      43      10.7351
      44      10.5132
      45      10.1459
      46      11.3494
      47      10.9799
      48      11.5860
      49      10.2051
      50       9.5062
      51      10.4072
      52      11.5324
      53      11.5846
      54      11.7033
      55      12.0110
      56      13.3819
      57      13.9273
      58      13.9263
      59      13.5858
      60      13.9981
      61      14.2912
      62      14.1328
      63      13.2914
      64      14.1823
      65      14.3764
      66      14.0939
      67      14.1499
      68      13.9041
      69      14.3274
      70      14.1794
      71      14.3361
      72      14.1913
      73      14.7730
      74      14.1398
      75      14.9756
      76      13.7586
      77      13.1770
      78      13.3956
      79      13.4540
      80      13.3257
      81      13.4826
      82      13.5500
      83      13.6233
      84      14.6316
      85      14.7881
      86      14.8046
      87      15.1624
      88      15.1135
      89      15.0274
      90      14.8558
      91      16.0175
      92      15.9439
      93      16.5415
      94      16.8162
      95      16.4997
      96      16.2092
      97      16.0744
      98      16.3808
      99      16.6193
     100      16.2428
     101      16.7759
     102      16.6399
     103      16.7237
     104      16.8305
     105      16.6658
     106      17.2181
     107      18.4290
     108      18.0284
     109      18.0248
     110      18.4812
     111      18.5781
     112      19.8246
     113      19.5833
     114      18.8302
     115      19.6772
     116      19.4960
     117      19.6875
     118      19.5207
     119      20.7212
     120      20.5833
     121      20.6194
     122      21.2648
     123      21.8918
     124      22.4783
     125      23.4586
     126      23.6025
     127      23.1200
     128      22.3720
     129      22.3967
     130      21.9142
     131      23.3238
     132      22.5643
     133      22.1600
     134      21.4976
     135      21.5582
     136      21.4333
     137      20.3975
     138      20.3661
     139      19.5529
     140      19.5873
     141      19.7852
     142      20.0115
     143      20.2122
     144      18.9216
     145      18.9772
     146      19.5664
     147      18.9497
     148      19.3638
     149      18.3873
     150      18.1739
     151      18.1261
     152      18.0295
     153      17.9416
     154      16.9770
     155      17.4186
     156      18.0355
     157      18.4842
     158      19.0067
     159      18.4946
     160      18.5882
     161      18.2662
     162      18.4192
     163      18.0698
     164      16.9965
     165      18.3113
     166      18.5190
     167      17.2158
     168      16.2067
     169      15.6123
     170      15.5336
     171      15.8035
     172      16.2191
     173      16.0585
     174      15.9081
     175      16.3598
     176      17.1292
     177      17.6733
     178      17.0397
     179      18.1979
     180      17.9413
     181      17.1495
     182      17.5986
     183      18.7340
     184      18.9651
     185      19.5963
     186      19.8321
     187      20.4866
     188      21.5900
     189      22.0382
     190      21.5135
     191      24.2157
     192      23.4783
     193      23.1342
     194      23.5752
     195      24.0560
     196      23.8296
     197      26.2496
     198      24.6617
     199      24.9475
     200      24.7704
     201      23.3708
     202      23.0592
     203      23.5778
     204      23.7677
     205      22.0315
     206      21.6264
     207      23.7261
     208      24.9318
     209      25.5343
     210      26.1828
     211      27.5741
     212      27.0284
     213      26.4877
     214      26.7367
     215      26.3206
     216      27.0208
     217      27.7212
     218      26.4691
     219      25.2137
     220      25.4942
     221      25.4521
     222      25.0164
     223      25.5894
     224      25.6021
     225      26.4522
     226      27.0157
     227      28.3864
     228      29.2120
     229      29.3399
     230      29.5180
     231      29.5214
     232      29.7251
     233      30.0645
     234      30.6535
     235      30.5186
     236      29.2494
     237      29.9937
     238      30.6417
     239      31.3776
     240      31.5604
     241      32.0997
     242      32.4608
     243      33.0096
     244      33.2624
     245      33.4128
     246      32.8150
     247      33.7410
     248      33.9813
     249      34.5690
     250      34.5258
     251      34.5331
     252      34.0493
     253      34.6688
     254      34.9927
     255      34.8843
     256      34.5764
     257      34.9060
     258      34.9198
     259      34.1415
     260      34.4620
     261      33.9422
     262      34.9694
     263      35.0529
     264      34.0624
     265      34.8290
     266      34.6811
     267      35.2131
     268      35.2918
     269      35.0815
     270      35.1723
     271      34.8765
     272      35.2117
     273      35.0332
     274      34.7304
     275      35.1800
     276      35.0117
     277      33.1084
     278      32.7624
     279      31.8037
     280      31.7977
     281      31.9251
     282      31.5991
     283      30.2324
     284      31.1763
     285      31.5317
     286      31.0890
     287      30.9124
     288      31.4951
     289      32.7060
     290      31.1896
     291      32.1618
     292      31.7794
     293      31.1032
     294      30.4496
     295      30.1026
     296      28.4298
     297      29.0927
     298      28.6799
     299      28.7361
     300      27.0534
     301      27.9639
     302      27.2720
     303      26.8232
     304      28.0636
     305      28.7625
     306      29.3354
     307      29.3477
     308      29.4828
     309      29.3607
     310      29.9862
     311      29.9681
     312      29.4447
     313      28.5308
     314      28.9482
     315      27.9485
     316      26.6424
     317      26.5914
     318      26.0706
     319      26.1690
     320      26.5324
     321      25.9161
     322      25.6793
     323      24.3140
     324      25.7471
     325      26.0795
     326      26.1630
     327      26.9583
     328      24.7251
     329      23.6814
     330      24.3354
     331      23.9765
     332      24.7791
     333      24.7399
     334      25.3197
     335      25.4570
     336      24.8233
     337      25.0438
     338      27.7855
     339      27.1868
     340      28.1811
     341      28.6902
     342      27.4994
     343      28.5072
     344      28.7083
     345      29.6827
     346      29.9510
     347      29.3160
     348      29.4524
     349      29.2386
     350      30.7088
     351      31.6586
     352      32.3822
     353      32.2779
     354      32.8506
     355      31.9715
     356      31.3851
     357      31.5592
     358      32.3609
     359      33.2869
     360      33.8370
     361      33.6367
     362      34.2955
     363      35.0946
     364      35.0994
     365      34.9155
     366      33.8345
     367      33.8931
     368      33.6129
     369      33.3608
     370      32.9662
     371      32.9962
     372      32.1904
     373      32.1336
     374      31.5988
     375      30.7305
     376      30.3652
     377      29.8185
     378      28.7325
     379      28.8415
     380      30.6167
     381      31.8663
     382      31.3310
     383      32.2427
     384      32.7014
     385      32.1691
     386      33.3141
     387      32.9871
     388      33.3934
     389      33.2517
     390      33.0955
     391      33.2877
     392      33.4846
     393      32.6137
     394      31.6320
     395      31.3409
     396      29.4605
     397      28.4653
     398      28.8753
     399      27.9314
     400      27.0625
     401      26.8994
     402      27.5872
     403      27.1825
     404      26.6386
     405      25.8985
     406      25.7289
     407      25.8484
     408      26.6322
     409      25.9463
     410      26.5735
     411      24.9244
     412      25.6836
     413      26.4309
     414      27.0061
     415      28.1818
     416      27.9469
     417      28.9557
     418      28.5041
     419      28.5689
     420      28.7366
     421      29.4563
     422      29.6967
     423      30.0822
     424      29.9222
     425      30.5204
     426      31.4374
     427      31.0594
     428      31.0117
     429      31.3637
     430      31.3176
     431      30.5410
     432      30.7294
     433      30.2617
     434      29.5372
     435      29.2415
     436      29.5201
     437      29.5194
     438      30.3022
     439      29.2620
     440      30.6298
     441      31.5249
     442      32.2737
     443      32.1140
     444      31.5813
     445      31.7669
     446      32.9077
     447      34.1625
     448      34.9437
     449      35.3005
     450      35.1623
     451      35.1190
     452      35.0140
     453      35.2115
     454      34.9809
     455      35.1707
     456      35.0024
     457      35.1113
     458      35.0037
     459      34.3631
     460      35.3459
     461      35.1077
     462      35.1573
     463      35.1958
     464      35.1463
     465      35.0694
     466      34.9291
     467      35.0548
     468      35.2062
     469      35.0522
     470      35.4281
     471      35.3639
     472      35.2796
     473      35.3543
     474      35.2715
     475      35.3720
     476      35.1515
     477      33.8262
     478      32.9564
     479      33.1916
     480      32.8869
     481      32.9233
     482      33.4893
     483      33.1023
     484      32.4055
     485      31.4369
     486      30.7587
     487      29.9331
     488      28.8360
     489      28.1940
     490      27.7042
     491      27.6943
     492      27.0628
     493      27.4600
     494      27.2254
     495      27.1266
     496      27.6161
     497      28.1856
     498      27.2427
     499      27.2724
     500      26.6753
     501      26.8821
     502      25.0187
     503      24.8444
     504      24.0213
     505      23.2743
     506      23.2402
     507      21.9204
     508      22.0744
     509      22.2069
     510      21.7588
     511      20.8636
     512      20.5935
     513      20.9685
     514      21.2933
     515      21.3090
     516      20.5022
     517      20.5622
     518      20.3917
     519      20.6385
     520      20.0410
     521      21.4965
     522      21.8272
     523      22.3510
     524      22.4695
     525      22.3245
     526      23.0548
     527      23.6089
     528      23.7429
     529      23.0545
     530      21.7013
     531      22.4090
     532      23.2067
     533      22.1292
     534      21.7868
     535      23.4898
     536      24.0673
     537      24.3309
     538      23.6539
     539      23.3486
     540      23.1210
     541      23.8257
     542      22.8085
     543      23.4609
     544      24.3359
     545      22.7041
     546      23.6368
     547      24.6097
     548      24.5386
     549      24.9079
     550      23.8871
     551      23.1805
     552      23.3604
     553      24.0871
     554      24.3460
     555      25.2088
     556      25.0112
     557      24.6351
     558      24.8795
     559      24.6421
     560      22.6465
     561      21.1578
     562      20.8778
     563      20.2520
     564      19.8739
     565      19.3021
     566      18.9387
     567      19.6870
     568      19.9020
     569      19.9618
     570      20.2450
     571      20.5043
     572      20.5244
     573      20.8075
     574      20.2314
     575      19.9310
     576      19.6855
     577      19.1479
     578      17.5156
     579      17.7180
     580      18.2332
     581      18.7842
     582      18.3284
     583      18.9678
     584      18.7919
     585      19.8452
     586      19.5047
     587      19.6041
     588      19.9396
     589      19.5033
     590      19.6778
     591      18.5226
     592      18.5554
     593      17.7516
     594      17.1121
     595      16.4191
     596      15.9001
     597      15.7158
     598      16.1371
     599      15.8761
     600      15.5796
     601      15.1767
     602      15.5849
     603      15.6780
     604      16.0011
     605      17.1197
     606      17.1319
     607      17.2106
     608      16.6218
     609      16.6967
     610      16.7204
     611      15.7950
     612      16.5354
     613      17.0778
     614      17.4507
     615      17.9531
     616      17.8354
     617      18.1589
     618      17.7730
     619      18.5634
     620      19.1119
     621      18.8455
     622      20.2202
     623      20.0376
     624      19.9148
     625      20.8760
     626      20.8276
     627      20.8011
     628      21.5598
     629      21.2540
     630      22.0251
     631      21.7819
     632      21.6259
     633      22.0640
     634      22.5833
     635      23.5055
     636      24.2147
     637      25.3748
     638      26.6680
     639      25.2512
     640      24.1199
     641      23.2125
     642      24.5997
     643      24.5660
     644      23.6382
     645      25.1323
     646      23.4755
     647      23.7668
     648      23.8390
     649      23.6953
     650      21.1970
     651      21.6335
     652      21.3407
     653      21.3065
     654      20.8306
     655      20.0238
     656      20.3133
     657      20.9089
     658      20.7672
     659      20.6201
     660      19.5945
     661      19.4916
     662      19.9852
     663      19.4938
     664      19.4229
     665      20.5669
     666      20.5348
     667      21.5058
     668      21.9781
     669      22.1515
     670      22.1191
     671      21.4897
     672      22.3708
     673      22.5954
     674      22.6086
     675      23.3532
     676      22.8399
     677      23.0590
     678      23.5449
     679      23.8590
     680      24.8656
     681      25.5256
     682      25.2838
     683      25.1230
     684      25.9957
     685      26.1336
     686      26.5860
     687      26.4594
     688      26.5781
     689      26.4778
     690      27.9934
     691      28.1525
     692      28.6111
     693      28.2214
     694      27.5542
     695      27.5406
     696      27.2136
     697      26.9757
     698      27.2289
     699      27.5855
     700      27.2587
     701      27.3700
     702      27.4451
     703      26.8756
     704      28.0100
     705      28.0373
     706      29.1107
     707      29.1064
     708      29.1224
     709      28.2421
     710      27.8552
     711      28.7128
     712      29.7904
     713      30.4829
     714      31.2161
     715      30.8285
     716      30.6028
     717      31.0294
     718      32.1303
     719      32.5162
     720      32.8873
     721      32.7395
     722      31.7575
     723      32.6606
     724      32.7215
     725      33.2403
     726      33.3507
     727      33.4976
     728      33.7576
     729      33.7328
     730      33.8604
     731      33.3796
     732      31.9416
     733      31.7281
     734      31.7991
     735      30.5104
     736      30.2299
     737      29.4056
     738      29.4332
     739      29.9188
     740      29.9896
     741      29.7963
     742      29.4895
     743      29.4336
     744      29.6997
     745      29.2771
     746      30.4800
     747      30.9618
     748      30.6804
     749      31.5226
     750      31.1023
     751      30.6886
     752      31.8361
     753      31.7000
     754      30.8279
     755      31.4166
     756      30.2861
     757      30.1686
     758      27.8676
     759      27.5686
     760      27.8353
     761      26.9373
     762      25.8860
     763      25.6845
     764      24.3351
     765      24.8487
     766      25.0069
     767      25.4305
     768      25.5095
     769      25.3370
     770      25.7622
     771      24.5191
     772      23.5172
     773      22.8345
     774      21.9628
     775      22.5224
     776      21.6073
     777      21.8320
     778      20.9124
     779      21.8193
     780      21.4860
     781      21.2813
     782      21.5208
     783      22.3763
     784      23.0219
     785      22.4215
     786      23.1594
     787      24.0348
     788      23.2393
     789      22.9774
     790      23.4366
     791      24.1206
     792      23.9386
     793      24.3477
     794      26.1202
     795      25.9409
     796      26.1686
     797      25.2655
     798      25.0551
     799      25.5323
     800      25.6231
     801      26.9186
     802      28.0700
     803      27.0680
     804      26.9458
     805      27.2050
     806      27.7398
     807      28.9970
     808      27.9665
     809      28.8214
     810      29.2651
     811      27.6785
     812      26.3531
     813      26.5267
     814      27.3455
     815      28.4813
     816      28.1986
     817      27.6405
     818      29.4451
     819      30.2127
     820      30.1572
     821      29.8415
     822      28.6841
     823      28.7832
     824      29.2187
     825      28.3272
     826      29.4685
     827      29.5859
     828      30.4340
     829      31.0429
     830      31.6918
     831      30.7685
     832      32.2078
     833      32.9357
     834      33.7297
     835      34.0270
     836      33.1542
     837      33.1478
     838      33.6634
     839      34.1763
     840      34.9772
     841      35.0675
     842      34.9032
     843      35.3162
     844      35.0150
     845      35.1827
     846      35.3840
     847      35.1993
     848      35.3938
     849      34.2500
     850      35.1629
     851      35.2519
     852      34.1209
     853      32.9150
     854      32.5029
     855      32.9873
     856      32.8974
     857      32.9159
     858      33.2481
     859      33.7389
     860      33.0095
     861      34.0626
     862      35.0296
     863      35.3325
     864      35.0285
     865      35.1962
     866      34.4585
     867      35.0880
     868      35.2868
     869      35.0316
     870      34.7026
     871      35.2259
     872      35.1240
     873      34.8222
     874      35.1901
     875      35.1155
     876      34.7284
     877      35.1702
     878      34.7877
     879      35.0187
     880      34.5310
     881      32.5807
     882      31.8442
     883      31.4632
     884      31.3460
     885      31.4650
     886      31.6186
     887      32.1252
     888      32.8331
     889      32.3406
     890      32.3167
     891      33.2403
     892      32.9677
     893      33.7556
     894      32.8114
     895      33.8858
     896      33.2837
     897      32.8503
     898      32.6026
     899      32.1090
     900      33.4877
     901      33.0269
     902      32.0059
     903      31.6054
     904      30.7533
     905      30.4048
     906      29.3316
     907      29.0702
     908      29.4043
     909      29.5458
     910      28.8199
     911      28.7899
     912      27.7470
     913      26.0473
     914      25.5468
     915      25.4686
     916      27.0962
     917      25.8679
     918      25.3569
     919      24.6206
     920      24.7647
     921      24.7495
     922      23.9912
     923      24.3170
     924      23.6583
     925      23.6088
     926      23.4931
     927      22.7409
     928      22.7700
     929      21.2832
     930      20.4151
     931      19.3999
     932      18.8504
     933      18.7099
     934      18.3495
     935      18.5779
     936      18.0188
     937      17.4144
     938      16.7706
     939      16.5374
     940      16.3344
     941      15.6134
     942      16.0366
     943      14.7818
     944      14.3978
     945      14.0712
     946      13.2159
     947      12.8586
     948      11.9081
     949      12.0540
     950      12.3138
     951      11.4650
     952      12.2414
     953      12.4917
     954      12.5215
     955      11.9569
     956      11.4379
     957      11.6222
     958      11.4165
     959      11.5668
     960      11.4760
     961      10.8738
     962      10.8985
     963      10.8366
     964      11.2433
     965      11.2027
     966      11.1514
     967      11.2172
     968      11.4833
     969      11.2391
     970      10.9040
     971      10.8503
     972      10.8547
     973      10.6688
     974      10.3243
     975      11.8713
     976      12.1787
     977      12.4387
     978      12.5585
     979      12.9295
     980      12.4476
     981      13.1093
     982      12.9410
     983      13.6447
     984      13.7193
     985      13.3990
     986      13.3518
     987      13.7266
     988      13.9967
     989      13.7598
     990      14.1468
     991      13.9274
     992      13.9501
     993      14.6207
     994      14.7789
     995      14.2628
     996      14.1227
     997      14.6896
     998      15.1520
     999      14.5842
    1000      14.9565
    1001      15.0974
    1002      15.6348
    1003      14.4389
    1004      14.1868
    1005      13.0298
    1006      13.0508
    1007      13.6855
    1008      13.2310
    1009      12.6968
    1010      12.9159
    1011      11.7133
    1012      11.6112
    1013      11.4657
    1014      11.7979
    1015      11.3217
    1016      10.8461
    1017      10.7494
    1018      10.8505
    1019      10.2007
    1020      10.0628
    1021      10.1353
    1022      10.4716
    1023      11.2982
    1024      10.4152
    1025      10.5938
    1026      10.3471
    1027       9.8962
    1028       9.5194
    1029       9.6238
    1030       9.5124
    1031       9.5603
    1032       9.0825
    1033       9.6736
    1034       9.3743
    1035       9.3949
    1036      10.0324
    1037       9.2162
    1038       8.9679
    1039       8.9965
    1040       9.2945
    1041       9.4672
    1042       9.7018
    1043       9.7264
    1044       9.1485
    1045       9.1154
    1046       9.3814
    1047       9.3148
    1048       9.7221
    1049       9.4778
    1050       9.3936
    1051       9.6783
    1052      10.2457
    1053       9.6945
    1054       9.2855
    1055       9.3755
    1056       9.5045
    1057       9.1861
    1058       9.2649
    1059       9.3723
    1060       8.9154
    1061       8.8162
    1062       9.1045
    1063       8.6000
    1064       8.5404
    1065       8.3511
    1066       8.1880
    1067       8.1837
    1068       8.5707
    1069       8.8690
    1070       8.3879
    1071       9.0980
    1072       8.3820
    1073       8.3399
    1074       8.9053
    1075       8.7387
    1076       9.3354
    1077       8.8345
    1078       9.0195
    1079       9.1342
    1080       9.1586
    1081       8.8382
    1082       8.4595
    1083       9.4257
    1084       8.2929
    1085       8.2358
    1086       9.0970
    1087       9.5108
    1088       9.4198
    1089       9.8499
    1090      10.1164
    1091       9.8404
    1092      10.7202
    1093      10.9753
    1094      11.5284
    1095      11.8911
    1096      12.4051
    1097      12.5478
    1098      12.4159
    1099      12.3100
    1100      12.6762
    1101      12.7831
    1102      13.0896
    1103      13.1774
    1104      12.6907
    1105      13.2804
    1106      13.1563
    1107      13.5869
    1108      13.6123
    1109      13.9904
    1110      13.5211
    1111      13.8007
    1112      14.3202
    1113      14.6176
    1114      14.3064
    1115      14.2219
    1116      14.7298
    1117      14.3779
    1118      15.0227
    1119      14.6666
    1120      14.8602
    1121      14.5770
    1122      15.3897
    1123      15.1015
    1124      15.9102
    1125      15.3626
    1126      15.5463
    1127      16.3842
    1128      16.7229
    1129      16.9635
    1130      15.8570
    1131      15.6051
    1132      14.5341
    1133      14.9743
    1134      14.3615
    1135      16.8785
    1136      17.3050
    1137      16.4810
    1138      17.4114
    1139      17.5457
    1140      17.8539
    1141      17.4594
    1142      16.5026
    1143      16.5608
    1144      15.7443
    1145      16.1292
    1146      15.8418
    1147      15.4863
    1148      16.5936
    1149      18.3589
    1150      18.2931
    1151      17.5783
    1152      18.1716
    1153      18.0321
    1154      17.8438
    1155      18.5690
    1156      18.1155
    1157      19.0181
    1158      19.8105
    1159      20.3033
    1160      20.8950
    1161      20.7250
    1162      21.0420
    1163      21.4005
    1164      20.9927
    1165      20.3345
    1166      20.8319
    1167      20.9153
    1168      20.6787
    1169      21.0675
    1170      20.3159
    1171      22.1768
    1172      22.8099
    1173      22.0533
    1174      23.1185
    1175      21.9599
    1176      21.8309
    1177      21.1501
    1178      21.4390
    1179      21.1762
    1180      22.0160
    1181      22.6130
    1182      24.0420
    1183      24.2269
    1184      24.1337
    1185      24.4679
    1186      24.8473
    1187      25.5499
    1188      25.8140
    1189      25.0581
    1190      24.6398
    1191      24.9730
    1192      24.8283
    1193      23.8680
    1194      23.3085
    1195      24.1195
    1196      22.9363
    1197      23.5280
    1198      22.7828
    1199      24.6073
    1200      25.7787
    1201      26.8051
    1202      27.5038
    1203      27.0597
    1204      26.8721
    1205      27.6901
    1206      27.6408
    1207      28.7500
    1208      28.3980
    1209      28.0083
    1210      27.3139
    1211      26.3900
    1212      26.5309
    1213      25.7128
    1214      24.7091
    1215      24.3595
    1216      23.9648
    1217      23.7129
    1218      23.3498
    1219      24.2007
    1220      24.5385
    1221      23.4530
    1222      23.6413
    1223      22.3294
    1224      22.3450
    1225      21.4346
    1226      21.2878
    1227      22.5182
    1228      21.3414
    1229      21.3382
    1230      21.0110
    1231      19.8225
    1232      18.7522
    1233      18.7960
    1234      18.3410
    1235      16.9896
    1236      17.1472
    1237      15.7221
    1238      15.2725
    1239      15.7049
    1240      16.4522
    1241      16.3509
    1242      16.2832
    1243      17.0240
    1244      16.7005
    1245      15.1910
    1246      13.8693
    1247      14.1945
    1248      14.8629
    1249      14.4019
    1250      14.2707
    1251      13.8614
    1252      13.5542
    1253      13.5844
    1254      13.3008
    1255      12.8598
    1256      13.5579
    1257      13.1349
    1258      13.3290
    1259      12.9733
    1260      12.7092
    1261      13.1013
    1262      12.8835
    1263      12.8568
    1264      12.8532
    1265      13.0790
    1266      12.9023
    1267      12.9830
    1268      12.6242
    1269      12.6890
    1270      14.0006
    1271      13.3939
    1272      12.6752
    1273      12.5183
    1274      13.3674
    1275      13.5803
    1276      14.4958
    1277      15.2865
    1278      16.2389
    1279      15.4392
    1280      15.6289
    1281      16.7909
    1282      16.0271
    1283      16.7657
    1284      17.7179
    1285      17.8550
    1286      18.1409
    1287      18.9616
    1288      18.0580
    1289      17.3089
    1290      18.0218
    1291      17.0653
    1292      16.2902
    1293      16.8273
    1294      17.2544
    1295      17.3721
    1296      16.5823
    1297      17.6812
    1298      18.1185
    1299      18.3756
    1300      18.6548
    1301      18.7324
    1302      19.2659
    1303      19.8598
    1304      20.0904
    1305      20.0334
    1306      19.6423
    1307      20.0710
    1308      19.6934
    1309      20.0262
    1310      20.1779
    1311      20.6404
    1312      20.0266
    1313      19.4792
    1314      20.0087
    1315      19.4672
    1316      19.3718
    1317      19.7837
    1318      19.9214
    1319      21.2117
    1320      21.6434
    1321      21.4150
    1322      21.2761
    1323      21.1227
    1324      22.0566
    1325      22.5846
    1326      22.7139
    1327      22.0453
    1328      21.8530
    1329      20.9519
    1330      21.1667
    1331      21.9424
    1332      22.2031
    1333      22.0622
    1334      22.7384
    1335      22.6566
    1336      22.7317
    1337      23.4186
    1338      23.8635
    1339      24.4784
    1340      24.8141
    1341      25.3365
    1342      24.5025
    1343      24.0776
    1344      24.3953
    1345      25.6509
    1346      24.8619
    1347      24.5571
    1348      24.3824
    1349      24.3030
    1350      24.9318
    1351      25.8905
    1352      25.1045
    1353      25.6872
    1354      25.9022
    1355      26.7095
    1356      27.2774
    1357      27.7451
    1358      28.1846
    1359      27.1965
    1360      27.8936
    1361      27.7845
    1362      26.8343
    1363      26.9157
    1364      26.7683
    1365      25.7773
    1366      25.6202
    1367      26.1106
    1368      26.8408
    1369      27.0415
    1370      26.8498
    1371      25.8752
    1372      25.2593
    1373      24.4038
    1374      24.5499
    1375      23.9018
    1376      23.2437
    1377      22.4998
    1378      23.1998
    1379      22.4772
    1380      21.8062
    1381      22.0396
    1382      22.0685
    1383      22.3073
    1384      21.7481
    1385      21.0631
    1386      20.5369
    1387      21.6214
    1388      22.1616
    1389      23.1318
    1390      23.4594
    1391      22.8441
    1392      22.3339
    1393      22.9919
    1394      23.0335
    1395      23.3848
    1396      24.0638
    1397      24.4192
    1398      24.3384
    1399      24.9585
    1400      25.5053
    1401      26.0500
    1402      26.1110
    1403      27.2780
    1404      27.0916
    1405      26.5929
    1406      27.9614
    1407      27.3192
    1408      27.4042
    1409      29.1002
    1410      29.1961
    1411      29.1759
    1412      30.4905
    1413      30.7336
    1414      29.7307
    1415      29.9221
    1416      30.7817
    1417      30.6571
    1418      29.6469
    1419      29.2646
    1420      29.9254
    1421      29.6173
    1422      30.8007
    1423      30.8603
    1424      30.6739
    1425      30.8845
    1426      31.9746
    1427      32.2848
    1428      32.4110
    1429      32.1385
    1430      32.6836
    1431      32.5228
    1432      33.2724
    1433      32.5312
    1434      33.1749
    1435      32.2517
    1436      33.8699
    1437      33.9704
    1438      34.5705
    1439      34.2675
    1440      34.3222
    1441      34.3523
    1442      35.0850
    1443      34.2519
    1444      33.9193
    1445      32.8565
    1446      32.7778
    1447      31.0335
    1448      30.8400
    1449      30.5701
    1450      31.3126
    1451      30.4447
    1452      31.7573
    1453      33.0780
    1454      33.5903
    1455      33.4848
    1456      34.3708
    1457      34.8161
    1458      35.2669
    1459      34.8726
    1460      35.2325
    1461      35.0842
    1462      34.8259
    1463      35.1319
    1464      35.1426
    1465      35.0689
    1466      34.7965
    1467      34.3940
    1468      33.5662
    1469      32.4166
    1470      32.9630
    1471      31.9175
    1472      31.3466
    1473      31.6985
    1474      32.0393
    1475      30.8047
    1476      29.6763
    1477      30.3809
    1478      29.6286
    1479      28.2520
    1480      28.6892
    1481      28.5926
    1482      29.3014
    1483      29.0541
    1484      28.4655
    1485      28.8551
    1486      28.7345
    1487      29.2261
    1488      28.8244
    1489      30.1987
    1490      30.6374
    1491      31.6703
    1492      31.1160
    1493      32.1899
    1494      32.0914
    1495      32.7428
    1496      33.3578
    1497      33.4032
    1498      33.9807
    1499      34.4270
    1500      35.1514
    1501      34.8619
    1502      35.3139
    1503      35.2272
    1504      35.1774
    1505      35.2915
    1506      35.2205
    1507      35.2344
    1508      35.2940
    1509      35.2477
    1510      35.1611
    1511      34.9772
    1512      35.1756
    1513      35.3718
    1514      35.1695
    1515      34.2626
    1516      33.4849
    1517      32.9840
    1518      33.0335
    1519      32.4055
    1520      32.3440
    1521      32.1129
    1522      31.9306
    1523      31.1206
    1524      31.0475
    1525      30.9401
    1526      30.0123
    1527      30.3596
    1528      29.5400
    1529      29.3367
    1530      28.7625
    1531      28.6389
    1532      27.5664
    1533      27.9559
    1534      26.9742
    1535      26.3366
    1536      27.2926
    1537      26.0972
    1538      27.2662
    1539      26.3956
    1540      26.7064
    1541      27.1512
    1542      27.3055
    1543      26.6434
    1544      26.0023
    1545      25.7682
    1546      26.4308
    1547      24.9630
    1548      24.0009
    1549      24.0767
    1550      23.8388
    1551      24.0445
    1552      23.8187
    1553      23.8233
    1554      24.5124
    1555      23.8117
    1556      24.0408
    1557      25.7559
    1558      24.9895
    1559      25.0667
    1560      24.9018
    1561      24.2164
    1562      24.8420
    1563      24.7885
    1564      24.2590
    1565      22.9124
    1566      23.1241
    1567      22.8627
    1568      23.0419
    1569      22.3761
    1570      22.2591
    1571      22.3348
    1572      22.0767
    1573      21.9226
    1574      21.8527
    1575      21.7491
    1576      21.3236
    1577      20.4528
    1578      19.9208
    1579      19.3818
    1580      19.1776
    1581      19.0648
    1582      19.3002
    1583      18.7955
    1584      19.0684
    1585      18.4895
    1586      18.9344
    1587      18.7975
    1588      18.5735
    1589      18.9993
    1590      18.8202
    1591      18.5294
    1592      18.9008
    1593      18.6197
    1594      17.9790
    1595      18.3405
    1596      18.4764
    1597      16.8556
    1598      16.5640
    1599      16.4879
    1600      16.8757
    1601      16.5834
    1602      16.4895
    1603      16.7064
    1604      16.5318
    1605      16.7072
    1606      16.7748
    1607      16.4460
    1608      16.5074
    1609      16.8135
    1610      16.1846
    1611      16.1452
    1612      16.3248
    1613      16.0647
    1614      16.1643
    1615      16.3002
    1616      16.1422
    1617      16.7266
    1618      16.8750
    1619      16.8381
    1620      16.6699
    1621      16.7038
    1622      16.8264
    1623      16.5081
    1624      17.5283
    1625      16.3774
    1626      16.2024
    1627      15.8307
    1628      16.7275
    1629      16.0428
    1630      15.4554
    1631      15.2759
    1632      15.0551
    1633      15.4773
    1634      15.4219
    1635      15.5138
    1636      15.3579
    1637      15.3217
    1638      15.1692
    1639      15.1150
    1640      15.1155
    1641      15.3019
    1642      15.2179
    1643      15.5145
    1644      14.9530
    1645      15.2137
    1646      15.1476
    1647      15.5582
    1648      15.1396
    1649      15.0763
    1650      15.3898
    1651      14.9922
    1652      14.9971
    1653      15.5651
    1654      16.4777
    1655      17.9099
    1656      18.2224
    1657      16.7999
    1658      17.5023
    1659      17.2510
    1660      17.7790
    1661      18.6165
    1662      18.0428
    1663      18.5006
    1664      18.0435
    1665      17.8538
    1666      17.4511
    1667      17.7229
    1668      17.4341
    1669      16.8296
    1670      16.5533
    1671      15.3893
    1672      15.7154
    1673      15.5187
    1674      16.1368
    1675      15.6252
    1676      15.4766
    1677      15.8527
    1678      15.4872
    1679      15.1346
    1680      15.1919
    1681      16.3277
    1682      16.2452
    1683      15.2241
    1684      15.4854
    1685      15.3014
    1686      14.3653
    1687      15.3309
    1688      14.9072
    1689      14.6203
    1690      14.9000
    1691      16.9109
    1692      18.2633
    1693      17.8465
    1694      19.1523
    1695      19.6172
    1696      20.9093
    1697      20.2760
    1698      20.9584
    1699      20.6637
    1700      19.8447
    1701      20.3054
    1702      20.1175
    1703      20.0326
    1704      20.5426
    1705      21.0760
    1706      20.6564
    1707      20.1221
    1708      20.6389
    1709      20.4059
    1710      19.9071
    1711      20.0791
    1712      20.1394
    1713      20.5674
    1714      20.5778
    1715      20.4414
    1716      20.7918
    1717      21.0768
    1718      20.8323
    1719      21.2046
    1720      21.3617
    1721      21.5640
    1722      21.6005
    1723      19.5477
    1724      19.5804
    1725      20.1332
    1726      21.0283
    1727      20.4286
    1728      20.5830
    1729      20.6815
    1730      20.2629
    1731      20.2702
    1732      20.7026
    1733      20.5319
    1734      19.8512
    1735      19.1662
    1736      19.0254
    1737      19.1960
    1738      19.0330
    1739      19.8506
    1740      21.4780
    1741      22.2956
    1742      22.7735
    1743      23.8719
    1744      24.5753
    1745      25.0818
    1746      25.4079
    1747      25.1136
    1748      25.2916
    1749      25.2084
    1750      24.9433
